2.00000000
2.00651932
2.01303864
2.01955700
2.02607512
2.03259206
2.03910828
2.04562259
2.05213571
2.05864668
2.06515574
2.07166219
2.07816648
2.08466768
2.09116626
2.09766126
2.10415316
2.11064100
2.11712503
2.12360501
2.13008070
2.13655138
2.14301729
2.14947844
2.15593410
2.16238451
2.16882873
2.17526746
2.18169951
2.18812537
2.19454455
2.20095658
2.20736194
2.21375966
2.22014976
2.22653222
2.23290658
2.23927259
2.24563050
2.25197935
2.25831938
2.26465034
2.27097178
2.27728367
2.28358555
2.28987789
2.29615951
2.30243087
2.30869126
2.31494117
2.32117963
2.32740664
2.33362222
2.33982587
2.34601760
2.35219717
2.35836387
2.36451817
2.37065959
2.37678766
2.38290262
2.38900399
2.39509153
2.40116525
2.40722466
2.41326952
2.41929984
2.42531538
2.43131590
2.43730116
2.44327092
2.44922495
2.45516324
2.46108532
2.46699119
2.47288036
2.47875285
2.48460841
2.49044681
2.49626803
2.50207138
2.50785732
2.51362514
2.51937509
2.52510619
2.53081894
2.53651309
2.54218793
2.54784393
2.55348039
2.55909753
2.56469440
2.57027197
2.57582879
2.58136582
2.58688188
2.59237742
2.59785199
2.60330534
2.60873771
2.61414838
2.61953712
2.62490439
2.63024950
2.63557220
2.64087248
2.64615035
2.65140533
2.65663719
2.66184592
2.66703153
2.67219329
2.67733145
2.68244576
2.68753600
2.69260216
2.69764352
2.70266056
2.70765281
2.71262002
2.71756196
2.72247887
2.72737026
2.73223615
2.73707604
2.74188995
2.74667788
2.75143933
2.75617456
2.76088285
2.76556468
2.77021909
2.77484679
2.77944708
2.78402019
2.78856540
2.79308271
2.79757261
2.80203414
2.80646729
2.81087232
2.81524873
2.81959653
2.82391572
2.82820582
2.83246660
2.83669829
2.84090066
2.84507346
2.84921622
2.85332942
2.85741258
2.86146593
2.86548877
2.86948109
2.87344313
2.87737441
2.88127494
2.88514447
2.88898301
2.89279032
2.89656639
2.90031099
2.90402389
2.90770531
2.91135502
2.91497231
2.91855788
2.92211127
2.92563224
2.92912102
2.93257713
2.93600035
2.93939114
2.94274879
2.94607329
2.94936514
2.95262361
2.95584869
2.95904064
2.96219850
2.96532321
2.96841407
2.97147083
2.97449398
2.97748280
2.98043776
2.98335814
2.98624444
2.98909640
2.99191356
2.99469614
2.99744415
3.00015712
3.00283551
3.00547886
3.00808692
3.01066017
3.01319814
3.01570082
3.01816797
3.02059984
3.02299595
3.02535653
3.02768135
3.02997065
3.03222394
3.03444123
3.03662276
3.03876829
3.04087758
3.04295063
3.04498744
3.04698825
3.04895234
3.05088019
3.05277157
3.05462646
3.05644464
3.05822635
3.05997086
3.06167912
3.06335044
3.06498480
3.06658268
3.06814337
3.06966686
3.07115340
3.07260323
3.07401562
3.07539082
3.07672930
3.07803011
3.07929373
3.08052015
3.08170915
3.08286095
3.08397532
3.08505225
3.08609152
3.08709359
3.08805823
3.08898520
3.08987474
3.09072661
3.09154129
3.09231806
3.09305739
3.09375906
3.09442306
3.09504938
3.09563804
3.09618926
3.09670258
3.09717846
3.09761667
3.09801722
3.09837985
3.09870505
3.09899259
3.09924245
3.09945464
3.09962916
3.09976602
3.09986544
3.09992695
3.09995103
3.09993744
3.09988618
3.09979749
3.09967136
3.09950757
3.09930634
3.09906769
3.09879136
3.09847784
3.09812665
3.09773827
3.09731245
3.09684920
3.09634900
3.09581137
3.09523630
3.09462428
3.09397507
3.09328866
3.09256530
3.09180498
3.09100747
3.09017301
3.08930182
3.08839369
3.08744884
3.08646727
3.08544874
3.08439398
3.08330226
3.08217406
3.08100939
3.07980847
3.07857108
3.07729745
3.07598734
3.07464123
3.07325912
3.07184052
3.07038641
3.06889629
3.06737018
3.06580853
3.06421113
3.06257796
3.06090927
3.05920529
3.05746579
3.05569100
3.05388069
3.05203581
3.05015564
3.04824018
3.04629040
3.04430532
3.04228568
3.04023147
3.03814292
3.03601956
3.03386211
3.03167033
3.02944422
3.02718425
3.02489042
3.02256250
3.02020097
3.01780581
3.01537704
3.01291490
3.01041937
3.00789046
3.00532866
3.00273395
3.00010610
2.99744582
2.99475265
2.99202681
2.98926878
2.98647809
2.98365545
2.98080087
2.97791409
2.97499537
2.97204542
2.96906376
2.96605015
2.96300578
2.95992994
2.95682335
2.95368528
2.95051694
2.94731760
2.94408774
2.94082785
2.93753719
2.93421674
2.93086624
2.92748594
2.92407584
2.92063594
2.91716695
2.91366863
2.91014123
2.90658474
2.90299964
2.89938569
2.89574313
2.89207244
2.88837337
2.88464618
2.88089108
2.87710834
2.87329793
2.86945987
2.86559486
2.86170268
2.85778332
2.85383725
2.84986448
2.84586525
2.84183979
2.83778834
2.83371067
2.82960701
2.82547808
2.82132339
2.81714344
2.81293869
2.80870867
2.80445385
2.80017471
2.79587054
2.79154253
2.78719044
2.78281426
2.77841473
2.77399111
2.76954460
2.76507473
2.76058173
2.75606608
2.75152779
2.74696684
2.74238372
2.73777866
2.73315167
2.72850299
2.72383261
2.71914101
2.71442819
2.70969462
2.70494032
2.70016527
2.69537020
2.69055438
2.68571925
2.68086386
2.67598915
2.67109489
2.66618156
2.66124916
2.65629816
2.65132856
2.64634037
2.64133406
2.63630986
2.63126779
2.62620831
2.62113142
2.61603737
2.61092615
2.60579848
2.60065413
2.59549332
2.59031653
2.58512378
2.57991552
2.57469153
2.56945229
2.56419802
2.55892897
2.55364537
2.54834723
2.54303479
2.53770828
2.53236818
2.52701426
2.52164721
2.51626682
2.51087356
2.50546789
2.50004935
2.49461889
2.48917603
2.48372149
2.47825527
2.47277761
2.46728897
2.46178937
2.45627856
2.45075774
2.44522643
2.43968534
2.43413401
2.42857337
2.42300320
2.41742373
2.41183543
2.40623832
2.40063286
2.39501882
2.38939714
2.38376760
2.37813020
2.37248540
2.36683369
2.36117506
2.35550952
2.34983778
2.34415960
2.33847547
2.33278561
2.32709002
2.32138920
2.31568360
2.30997300
2.30425739
2.29853749
2.29281378
2.28708577
2.28135419
2.27561903
2.26988053
2.26413918
2.25839496
2.25264835
2.24689937
2.24114823
2.23539495
2.22964025
2.22388411
2.21812677
2.21236849
2.20660973
2.20085001
2.19509029
2.18933058
2.18357110
2.17781186
2.17205334
2.16629577
2.16053939
2.15478420
2.14903069
2.14327908
2.13752937
2.13178205
2.12603712
2.12029505
2.11455584
2.10881996
2.10308743
2.09735870
2.09163356
2.08591294
2.08019638
2.07448459
2.06877732
2.06307530
2.05737853
2.05168724
2.04600167
2.04032183
2.03464866
2.02898145
2.02332115
2.01766753
2.01202106
2.00638199
2.00075030
1.99512649
1.98951066
1.98390293
1.97830379
1.97271335
1.96713173
1.96155918
1.95599604
1.95044231
1.94489849
1.93936467
1.93384123
1.92832816
1.92282569
1.91733408
1.91185367
1.90638459
1.90092707
1.89548135
1.89004755
1.88462603
1.87921691
1.87382054
1.86843693
1.86306643
1.85770929
1.85236561
1.84703565
1.84171963
1.83641779
1.83113039
1.82585752
1.82059944
1.81535637
1.81012857
1.80491614
1.79971945
1.79453850
1.78937376
1.78422511
1.77909303
1.77397776
1.76887918
1.76379776
1.75873375
1.75368726
1.74865830
1.74364734
1.73865461
1.73368001
1.72872400
1.72378683
1.71886849
1.71396935
1.70908940
1.70422912
1.69938850
1.69456780
1.68976712
1.68498671
1.68022704
1.67548788
1.67076969
1.66607249
1.66139650
1.65674210
1.65210927
1.64749825
1.64290929
1.63834262
1.63379836
1.62927651
1.62477756
1.62030149
1.61584854
1.61141896
1.60701287
1.60263026
1.59827173
1.59393716
1.58962679
1.58534074
1.58107936
1.57684267
1.57263076
1.56844401
1.56428254
1.56014657
1.55603611
1.55195141
1.54789245
1.54385984
1.53985345
1.53587329
1.53191996
1.52799332
1.52409351
1.52022076
1.51637542
1.51255739
1.50876677
1.50500393
1.50126898
1.49756193
1.49388325
1.49023283
1.48661089
1.48301744
1.47945285
1.47591710
1.47241056
1.46893311
1.46548510
1.46206665
1.45867765
1.45531857
1.45198941
1.44869030
1.44542134
1.44218278
1.43897462
1.43579721
1.43265045
1.42953467
1.42644978
1.42339599
1.42037368
1.41738260
1.41442299
1.41149521
1.40859902
1.40573478
1.40290260
1.40010250
1.39733469
1.39459920
1.39189625
1.38922584
1.38658822
1.38398349
1.38141167
1.37887287
1.37636721
1.37389481
1.37145591
1.36905038
1.36667848
1.36434031
1.36203587
1.35976541
1.35752892
1.35532641
1.35315812
1.35102427
1.34892476
1.34685957
1.34482908
1.34283328
1.34087205
1.33894575
1.33705449
1.33519804
1.33337677
1.33159065
1.32983983
1.32812428
1.32644415
1.32479954
1.32319045
1.32161689
1.32007933
1.31857729
1.31711113
1.31568110
1.31428683
1.31292868
1.31160676
1.31032085
1.30907118
1.30785787
1.30668104
1.30554056
1.30443656
1.30336905
1.30233824
1.30134392
1.30038643
1.29946554
1.29858160
1.29773438
1.29692411
1.29615068
1.29541433
1.29471505
1.29405272
1.29342735
1.29283941
1.29228842
1.29177475
1.29129815
1.29085898
1.29045701
1.29009235
1.28976512
1.28947532
1.28922272
1.28900778
1.28883016
1.28868997
1.28858733
1.28852224
1.28849459
1.28850460
1.28855193
1.28863704
1.28875959
1.28891993
1.28911757
1.28935289
1.28962600
1.28993654
1.29028463
1.29067051
1.29109395
1.29155481
1.29205334
1.29258966
1.29316342
1.29377484
1.29442370
1.29511023
1.29583418
1.29659581
1.29739487
1.29823148
1.29910564
1.30001724
1.30096614
1.30195260
1.30297637
1.30403757
1.30513620
1.30627215
1.30744517
1.30865562
1.30990326
1.31118822
1.31251013
1.31386936
1.31526554
1.31669891
1.31816912
1.31967652
1.32122076
1.32280171
1.32441962
1.32607436
1.32776582
1.32949400
1.33125865
1.33306015
1.33489799
1.33677232
1.33868313
1.34063017
1.34261370
1.34463346
1.34668934
1.34878123
1.35090935
1.35307336
1.35527325
1.35750914
1.35978055
1.36208785
1.36443079
1.36680913
1.36922312
1.37167239
1.37415695
1.37667692
1.37923205
1.38182223
1.38444722
1.38710725
1.38980222
1.39253187
1.39529610
1.39809489
1.40092826
1.40379572
1.40669775
1.40963387
1.41260409
1.41560829
1.41864634
1.42171824
1.42482376
1.42796290
1.43113554
1.43434155
1.43758070
1.44085312
1.44415855
1.44749701
1.45086825
1.45427215
1.45770860
1.46117771
1.46467912
1.46821272
1.47177839
1.47537613
1.47900581
1.48266721
1.48636031
1.49008477
1.49384069
1.49762785
1.50144625
1.50529552
1.50917554
1.51308656
1.51702797
1.52100003
1.52500236
1.52903473
1.53309727
1.53718972
1.54131210
1.54546392
1.54964519
1.55385590
1.55809581
1.56236482
1.56666267
1.57098937
1.57534456
1.57972825
1.58414018
1.58858037
1.59304845
1.59754455
1.60206831
1.60661948
1.61119807
1.61580384
1.62043679
1.62509656
1.62978303
1.63449621
1.63923562
1.64400136
1.64879322
1.65361094
1.65845442
1.66332340
1.66821790
1.67313755
1.67808235
1.68305206
1.68804634
1.69306529
1.69810855
1.70317602
1.70826733
1.71338272
1.71852171
1.72368407
1.72886980
1.73407865
1.73931038
1.74456501
1.74984205
1.75514138
1.76046312
1.76580667
1.77117229
1.77655935
1.78196788
1.78739762
1.79284847
1.79832017
1.80381250
1.80932534
1.81485856
1.82041168
1.82598484
1.83157766
1.83719003
1.84282160
1.84847236
1.85414195
1.85983038
1.86553729
1.87126231
1.87700558
1.88276684
1.88854563
1.89434195
1.90015554
1.90598631
1.91183388
1.91769814
1.92357898
1.92947590
1.93538892
1.94131780
1.94726229
1.95322204
1.95919716
1.96518731
1.97119224
1.97721159
1.98324549
1.98929334
1.99535525
2.00143075
2.00751972
2.01362205
2.01973772
2.02586579
2.03200674
2.03816009
2.04432559
2.05050302
2.05669236
2.06289291
2.06910515
2.07532835
2.08156252
2.08780718
2.09406209
2.10032749
2.10660291
2.11288810
2.11918259
2.12548661
2.13179970
2.13812160
2.14445210
2.15079117
2.15713835
2.16349363
2.16985655
2.17622685
2.18260455
2.18898940
2.19538093
2.20177913
2.20818377
2.21459460
2.22101116
2.22743368
2.23386145
2.24029446
2.24673271
2.25317550
2.25962305
2.26607466
2.27253056
2.27899027
2.28545356
2.29192042
2.29839039
2.30486321
2.31133866
2.31781673
2.32429719
2.33077955
2.33726358
2.34374952
2.35023642
2.35672450
2.36321354
2.36970329
2.37619305
2.38268352
2.38917375
2.39566350
2.40215278
2.40864134
2.41512895
2.42161560
2.42810035
2.43458390
2.44106531
2.44754434
2.45402122
2.46049547
2.46696687
2.47343540
2.47990060
2.48636222
2.49282002
2.49927378
2.50572371
2.51216888
2.51860929
2.52504492
2.53147554
2.53790092
2.54432058
2.55073428
2.55714202
2.56354356
2.56993866
2.57632685
2.58270812
2.58908224
2.59544921
2.60180831
2.60815930
2.61450267
2.62083745
2.62716389
2.63348150
2.63979030
2.64608955
2.65237951
2.65865993
2.66493034
2.67119074
2.67744064
2.68368030
2.68990874
2.69612670
2.70233321
2.70852828
2.71471167
2.72088337
2.72704268
2.73319006
2.73932433
2.74544644
2.75155544
2.75765109
2.76373339
2.76980233
2.77585721
2.78189826
2.78792477
2.79393697
2.79993439
2.80591702
2.81188440
2.81783676
2.82377338
2.82969427
2.83559918
2.84148812
2.84736061
2.85321641
2.85905552
2.86487770
2.87068248
2.87647009
2.88223982
2.88799214
2.89372611
2.89944196
2.90513945
2.91081810
2.91647816
2.92211914
2.92774105
2.93334341
2.93892622
2.94448900
2.95003223
2.95555472
2.96105719
2.96653891
2.97199965
2.97743964
2.98285842
2.98825598
2.99363208
2.99898601
3.00431824
3.00962853
3.01491618
3.02018142
3.02542400
3.03064394
3.03584051
3.04101396
3.04616427
3.05129075
3.05639338
3.06147242
3.06652689
3.07155752
3.07656312
3.08154440
3.08650088
3.09143233
3.09633851
3.10121942
3.10607481
3.11090446
3.11570859
3.12048626
3.12523770
3.12996316
3.13466191
3.13933396
3.14397931
3.14859724
3.15318823
3.15775204
3.16228843
3.16679692
3.17127752
3.17573047
3.18015504
3.18455148
3.18891954
3.19325876
3.19756961
3.20185137
3.20610428
3.21032786
3.21452212
3.21868706
3.22282243
3.22692800
3.23100352
3.23504901
3.23906469
3.24304986
3.24700451
3.25092864
3.25482202
3.25868464
3.26251602
3.26631665
3.27008581
3.27382374
3.27752995
3.28120470
3.28484797
3.28845906
3.29203796
3.29558516
3.29909992
3.30258226
3.30603218
3.30944967
3.31283402
3.31618619
3.31950474
3.32279062
3.32604337
3.32926273
3.33244872
3.33560157
3.33872032
3.34180570
3.34485698
3.34787464
3.35085821
3.35380769
3.35672283
3.35960364
3.36245036
3.36526251
3.36804008
3.37078285
3.37349105
3.37616396
3.37880254
3.38140583
3.38397360
3.38650680
3.38900447
3.39146686
3.39389372
3.39628506
3.39864087
3.40096092
3.40324545
3.40549397
3.40770650
3.40988302
3.41202402
3.41412854
3.41619706
3.41822910
3.42022514
3.42218471
3.42410779
3.42599440
3.42784452
3.42965817
3.43143511
3.43317533
3.43487859
3.43654537
3.43817496
3.43976784
3.44132400
3.44284296
3.44432473
3.44576955
3.44717741
3.44854808
3.44988132
3.45117760
3.45243621
3.45365787
3.45484209
3.45598888
3.45709825
3.45817018
3.45920467
3.46020174
3.46116114
3.46208310
3.46296763
3.46381426
3.46462369
3.46539521
3.46612930
3.46682549
3.46748424
3.46810532
3.46868873
3.46923423
3.46974230
3.47021222
3.47064495
3.47103977
3.47139668
3.47171617
3.47199774
3.47224164
3.47244787
3.47261620
3.47274709
3.47284031
3.47289562
3.47291350
3.47289348
3.47283602
3.47274065
3.47260785
3.47243762
3.47222948
3.47198391
3.47170091
3.47138023
3.47102213
3.47062659
3.47019362
3.46972322
3.46921539
3.46867037
3.46808791
3.46746802
3.46681118
3.46611691
3.46538568
3.46461701
3.46381164
3.46296906
3.46208930
3.46117282
3.46021938
3.45922923
3.45820212
3.45713830
3.45603776
3.45490050
3.45372677
3.45251632
3.45126963
3.44998646
3.44866681
3.44731092
3.44591880
3.44449067
3.44302607
3.44152570
3.43998933
3.43841720
3.43680906
3.43516517
3.43348575
3.43177056
3.43002009
3.42823386
3.42641234
3.42455554
3.42266393
3.42073679
3.41877460
3.41677785
3.41474581
3.41267920
3.41057801
3.40844226
3.40627170
3.40406704
3.40182781
3.39955449
3.39724708
3.39490581
3.39253044
3.39012122
3.38767862
3.38520193
3.38269234
3.38014889
3.37757230
3.37496257
3.37231994
3.36964393
3.36693573
3.36419439
3.36142039
3.35861421
3.35577536
3.35290408
3.35000134
3.34706616
3.34409904
3.34110022
3.33806992
3.33500791
3.33191490
3.32879019
3.32563472
3.32244778
3.31923056
3.31598234
3.31270337
3.30939436
3.30605459
3.30268478
3.29928517
3.29585552
3.29239607
3.28890681
3.28538823
3.28184056
3.27826357
3.27465749
3.27102256
3.26735902
3.26366663
3.25994611
3.25619721
3.25241995
3.24861503
3.24478221
3.24092150
3.23703337
3.23311806
3.22917557
3.22520590
3.22120953
3.21718645
3.21313667
3.20906067
3.20495844
3.20082998
3.19667578
3.19249606
3.18829060
3.18405986
3.17980409
3.17552304
3.17121720
3.16688704
3.16253185
3.15815258
3.15374923
3.14932179
3.14487076
3.14039588
3.13589787
3.13137650
3.12683177
3.12226462
3.11767459
3.11306214
3.10842705
3.10377026
3.09909129
3.09439063
3.08966827
3.08492470
3.08015990
3.07537413
3.07056761
3.06574011
3.06089282
3.05602479
3.05113697
3.04622912
3.04130173
3.03635502
3.03138900
3.02640390
3.02140021
3.01637769
3.01133657
3.00627756
3.00120020
2.99610519
2.99099255
2.98586273
2.98071551
2.97555089
2.97037005
2.96517229
2.95995831
2.95472789
2.94948173
2.94421983
2.93894219
2.93364930
2.92834139
2.92301869
2.91768122
2.91232896
2.90696263
2.90158224
2.89618802
2.89077997
2.88535881
2.87992430
2.87447691
2.86901689
2.86354399
2.85805893
2.85256171
2.84705257
2.84153175
2.83599973
2.83045602
2.82490182
2.81933641
2.81376076
2.80817437
2.80257821
2.79697204
2.79135633
2.78573108
2.78009653
2.77445292
2.76880050
2.76313972
2.75747037
2.75179338
2.74610806
2.74041533
2.73471498
2.72900772
2.72329330
2.71757197
2.71184444
2.70611024
2.70037031
2.69462442
2.68887305
2.68311620
2.67735410
2.67158747
2.66581583
2.66003966
2.65425944
2.64847517
2.64268708
2.63689542
2.63110042
2.62530255
2.61950159
2.61369824
2.60789251
2.60208440
2.59627438
2.59046292
2.58464956
2.57883525
2.57301998
2.56720400
2.56138730
2.55557013
2.54975319
2.54393625
2.53811979
2.53230381
2.52648878
2.52067471
2.51486206
2.50905085
2.50324154
2.49743390
2.49162889
2.48582625
2.48002601
2.47422910
2.46843505
2.46264458
2.45685744
2.45107436
2.44529533
2.43952036
2.43375015
2.42798471
2.42222404
2.41646886
2.41071892
2.40497470
2.39923644
2.39350438
2.38777852
2.38205934
2.37634683
2.37064147
2.36494327
2.35925269
2.35356975
2.34789491
2.34222794
2.33656955
2.33091974
2.32527876
2.31964684
2.31402421
2.30841112
2.30280781
2.29721427
2.29163122
2.28605843
2.28049612
2.27494478
2.26940441
2.26387548
2.25835800
2.25285220
2.24735832
2.24187660
2.23640728
2.23095059
2.22550678
2.22007585
2.21465826
2.20925426
2.20386386
2.19848728
2.19312477
2.18777680
2.18244314
2.17712426
2.17182040
2.16653180
2.16125846
2.15600061
2.15075874
2.14553285
2.14032316
2.13512969
2.12995315
2.12479353
2.11965060
2.11452532
2.10941720
2.10432696
2.09925437
2.09419990
2.08916378
2.08414602
2.07914710
2.07416701
2.06920600
2.06426406
2.05934191
2.05443907
2.04955626
2.04469347
2.03985095
2.03502893
2.03022766
2.02544713
2.02068758
2.01594925
2.01123214
2.00653672
2.00186324
1.99721158
1.99258220
1.98797512
1.98339057
1.97882867
1.97428966
1.96977377
1.96528125
1.96081209
1.95636642
1.95194471
1.94754684
1.94317317
1.93882382
1.93449914
1.93019891
1.92592359
1.92167330
1.91744828
1.91324854
1.90907443
1.90492594
1.90080333
1.89670682
1.89263654
1.88859248
1.88457501
1.88058436
1.87662041
1.87268364
1.86877394
1.86489165
1.86103678
1.85720956
1.85341012
1.84963870
1.84589541
1.84218049
1.83849394
1.83483589
1.83120656
1.82760596
1.82403457
1.82049227
1.81697929
1.81349587
1.81004179
1.80661762
1.80322337
1.79985905
1.79652488
1.79322100
1.78994751
1.78670466
1.78349257
1.78031123
1.77716076
1.77404141
1.77095342
1.76789665
1.76487124
1.76187766
1.75891554
1.75598550
1.75308728
1.75022113
1.74738729
1.74458563
1.74181664
1.73907995
1.73637605
1.73370492
1.73106682
1.72846150
1.72588944
1.72335052
1.72084498
1.71837282
1.71593428
1.71352935
1.71115816
1.70882082
1.70651734
1.70424795
1.70201278
1.69981182
1.69764519
1.69551289
1.69341516
1.69135213
1.68932354
1.68732989
1.68537128
1.68344736
1.68155861
1.67970490
1.67788649
1.67610323
1.67435539
1.67264307
1.67096615
1.66932476
1.66771924
1.66614926
1.66461515
1.66311693
1.66165447
1.66022825
1.65883803
1.65748382
1.65616596
1.65488434
1.65363908
1.65243006
1.65125751
1.65012145
1.64902198
1.64795899
1.64693272
1.64594316
1.64499021
1.64407420
1.64319503
1.64235258
1.64154720
1.64077878
1.64004731
1.63935280
1.63869560
1.63807535
1.63749230
1.63694632
1.63643765
1.63596618
1.63553202
1.63513517
1.63477576
1.63445342
1.63416874
1.63392127
1.63371134
1.63353872
1.63340366
1.63330603
1.63324594
1.63322318
1.63323820
1.63329053
1.63338053
1.63350785
1.63367295
1.63387549
1.63411558
1.63439333
1.63470852
1.63506138
1.63545156
1.63587940
1.63634503
1.63684785
1.63738847
1.63796639
1.63858199
1.63923490
1.63992548
1.64065337
1.64141881
1.64222169
1.64306211
1.64393961
1.64485478
1.64580715
1.64679682
1.64782393
1.64888835
1.64998972
1.65112853
1.65230453
1.65351760
1.65476775
1.65605509
1.65737939
1.65874064
1.66013896
1.66157413
1.66304624
1.66455519
1.66610086
1.66768324
1.66930234
1.67095816
1.67265046
1.67437947
1.67614472
1.67794657
1.67978466
1.68165910
1.68356991
1.68551683
1.68749988
1.68951893
1.69157410
1.69366503
1.69579196
1.69795477
1.70015311
1.70238721
1.70465684
1.70696199
1.70930266
1.71167862
1.71408975
1.71653616
1.71901774
1.72153437
1.72408569
1.72667217
1.72929335
1.73194909
1.73463953
1.73736453
1.74012387
1.74291754
1.74574542
1.74860752
1.75150359
1.75443363
1.75739741
1.76039493
1.76342618
1.76649106
1.76958919
1.77272069
1.77588534
1.77908325
1.78231406
1.78557777
1.78887427
1.79220343
1.79556513
1.79895937
1.80238569
1.80584443
1.80933511
1.81285775
1.81641233
1.81999850
1.82361639
1.82726562
1.83094609
1.83465803
1.83840096
1.84217477
1.84597933
1.84981465
1.85368049
1.85757685
1.86150348
1.86546016
1.86944687
1.87346339
1.87750983
1.88158572
1.88569105
1.88982570
1.89398944
1.89818227
1.90240395
1.90665436
1.91093326
1.91524053
1.91957605
1.92393982
1.92833138
1.93275094
1.93719804
1.94167256
1.94617450
1.95070350
1.95525968
1.95984256
1.96445215
1.96908832
1.97375071
1.97843945
1.98315430
1.98789489
1.99266112
1.99745286
2.00226998
2.00711226
2.01197982
2.01687193
2.02178884
2.02673006
2.03169584
2.03668571
2.04169941
2.04673696
2.05179811
2.05688262
2.06199050
2.06712151
2.07227516
2.07745171
2.08265066
2.08787203
2.09311557
2.09838080
2.10366821
2.10897684
2.11430717
2.11965847
2.12503076
2.13042402
2.13583779
2.14127207
2.14672661
2.15220094
2.15769529
2.16320920
2.16874290
2.17429543
2.17986727
2.18545794
2.19106722
2.19669509
2.20234084
2.20800495
2.21368694
2.21938658
2.22510338
2.23083758
2.23658895
2.24235702
2.24814177
2.25394297
2.25976014
2.26559353
2.27144265
2.27730751
2.28318739
2.28908253
2.29499269
2.30091786
2.30685711
2.31281090
2.31877875
2.32476044
2.33075571
2.33676457
2.34278655
2.34882164
2.35486937
2.36092973
2.36700249
2.37308764
2.37918448
2.38529301
2.39141297
2.39754438
2.40368676
2.40984011
2.41600394
2.42217803
2.42836237
2.43455672
2.44076061
2.44697428
2.45319700
2.45942879
2.46566939
2.47191858
2.47817636
2.48444200
2.49071574
2.49699712
2.50328588
2.50958204
2.51588511
2.52219510
2.52851152
2.53483415
2.54116321
2.54749775
2.55383825
2.56018424
2.56653523
2.57289124
2.57925200
2.58561730
2.59198666
2.59836006
2.60473776
2.61111856
2.61750293
2.62389040
2.63028073
2.63667369
2.64306903
2.64946675
2.65586638
2.66226768
2.66867065
2.67507482
2.68147993
2.68788600
2.69429278
2.70069957
2.70710683
2.71351385
2.71992064
2.72632647
2.73273182
2.73913598
2.74553919
2.75194073
2.75834060
2.76473856
2.77113414
2.77752733
2.78391790
2.79030561
2.79669023
2.80307150
2.80944943
2.81582332
2.82219315
2.82855892
2.83492017
2.84127641
2.84762788
2.85397434
2.86031532
2.86665082
2.87298012
2.87930346
2.88562059
2.89193130
2.89823484
2.90453148
2.91082120
2.91710329
2.92337751
2.92964411
2.93590236
2.94215250
2.94839406
2.95462656
2.96085024
2.96706462
2.97326946
2.97946477
2.98564982
2.99182510
2.99798965
3.00414395
3.01028705
3.01641941
3.02254057
3.02865005
3.03474808
3.04083395
3.04690766
3.05296922
3.05901790
3.06505418
3.07107735
3.07708693
3.08308339
3.08906627
3.09503508
3.10099006
3.10693049
3.11285639
3.11876774
3.12466407
3.13054514
3.13641095
3.14226127
3.14809561
3.15391421
3.15971637
3.16550231
3.17127156
3.17702413
3.18275928
3.18847728
3.19417810
3.19986105
3.20552635
3.21117330
3.21680236
3.22241259
3.22800422
3.23357725
3.23913097
3.24466538
3.25018048
3.25567603
3.26115131
3.26660705
3.27204204
3.27745700
3.28285122
3.28822446
3.29357672
3.29890776
3.30421758
3.30950570
3.31477189
3.32001615
3.32523847
3.33043814
3.33561540
3.34077001
3.34590173
3.35101008
3.35609531
3.36115742
3.36619544
3.37120986
3.37620020
3.38116646
3.38610840
3.39102554
3.39591813
3.40078592
3.40562868
3.41044617
3.41523838
3.42000484
3.42474580
3.42946076
3.43414950
3.43881202
3.44344831
3.44805789
3.45264077
3.45719695
3.46172571
3.46622729
3.47070193
3.47514868
3.47956777
3.48395896
3.48832250
3.49265742
3.49696422
3.50124264
3.50549221
3.50971317
3.51390529
3.51806831
3.52220178
3.52630639
3.53038120
3.53442669
3.53844190
3.54242754
3.54638290
3.55030823
3.55420303
3.55806756
3.56190133
3.56570411
3.56947637
3.57321739
3.57692742
3.58060598
3.58425331
3.58786893
3.59145284
3.59500527
3.59852552
3.60201359
3.60546994
3.60889387
3.61228514
3.61564422
3.61897039
3.62226367
3.62552452
3.62875199
3.63194656
3.63510799
3.63823605
3.64133072
3.64439201
3.64741921
3.65041304
3.65337300
3.65629888
3.65919065
3.66204834
3.66487193
3.66766095
3.67041588
3.67313600
3.67582154
3.67847228
3.68108845
3.68366933
3.68621564
3.68872690
3.69120264
3.69364333
3.69604874
3.69841886
3.70075321
3.70305228
3.70531559
3.70754313
3.70973492
3.71189094
3.71401072
3.71609473
3.71814275
3.72015452
3.72213030
3.72406936
3.72597241
3.72783899
3.72966909
3.73146272
3.73321962
3.73494005
3.73662376
3.73827076
3.73988080
3.74145412
3.74299049
3.74448991
3.74595261
3.74737787
3.74876618
3.75011754
3.75143170
3.75270844
3.75394797
3.75515056
3.75631547
3.75744295
3.75853324
3.75958610
3.76060152
3.76157951
3.76251984
3.76342273
3.76428795
3.76511574
3.76590586
3.76665831
3.76737332
3.76805043
3.76869011
3.76929188
3.76985598
3.77038240
3.77087116
3.77132201
3.77173519
3.77211046
3.77244830
3.77274823
3.77301049
3.77323484
3.77342153
3.77357030
3.77368164
3.77375484
3.77379060
3.77378845
3.77374864
3.77367091
3.77355576
3.77340293
3.77321196
3.77298379
3.77271795
3.77241421
3.77207303
3.77169442
3.77127814
3.77082443
3.77033305
3.76980400
3.76923776
3.76863408
3.76799297
3.76731467
3.76659870
3.76584578
3.76505542
3.76422787
3.76336312
3.76246142
3.76152253
3.76054645
3.75953341
3.75848365
3.75739694
3.75627351
3.75511289
3.75391579
3.75268197
3.75141144
3.75010419
3.74876070
3.74738073
3.74596429
3.74451137
3.74302220
3.74149704
3.73993540
3.73833799
3.73670459
3.73503494
3.73332977
3.73158860
3.72981191
3.72799921
3.72615123
3.72426772
3.72234893
3.72039437
3.71840525
3.71638036
3.71432066
3.71222615
3.71009636
3.70793200
3.70573282
3.70349908
3.70123053
3.69892788
3.69659090
3.69421959
3.69181395
3.68937445
3.68690109
3.68439364
3.68185258
3.67927766
3.67666960
3.67402792
3.67135262
3.66864443
3.66590333
3.66312885
3.66032195
3.65748191
3.65460920
3.65170431
3.64876652
3.64579654
3.64279485
3.63976073
3.63669467
3.63359690
3.63046765
3.62730646
3.62411427
3.62089038
3.61763573
3.61434960
3.61103296
3.60768533
3.60430717
3.60089850
3.59745932
3.59399009
3.59049082
3.58696151
3.58340240
3.57981348
3.57619524
3.57254767
3.56887078
3.56516504
3.56142998
3.55766654
3.55387425
3.55005360
3.54620457
3.54232717
3.53842211
3.53448915
3.53052807
3.52653980
3.52252412
3.51848125
3.51441121
3.51031446
3.50619054
3.50204039
3.49786377
3.49366093
3.48943186
3.48517704
3.48089647
3.47659016
3.47225857
3.46790195
3.46352005
3.45911312
3.45468187
3.45022559
3.44574523
3.44124079
3.43671227
3.43215990
3.42758369
3.42298436
3.41836166
3.41371560
3.40904689
3.40435553
3.39964151
3.39490485
3.39014626
3.38536596
3.38056350
3.37573934
3.37089396
3.36602736
3.36113977
3.35623121
3.35130191
3.34635258
3.34138250
3.33639264
3.33138275
3.32635331
3.32130432
3.31623602
3.31114864
3.30604267
3.30091786
3.29577422
3.29061270
3.28543305
3.28023553
3.27502012
3.26978755
3.26453781
3.25927067
3.25398684
3.24868631
3.24336958
3.23803639
3.23268723
3.22732234
3.22194171
3.21654582
3.21113491
3.20570898
3.20026827
3.19481301
3.18934345
3.18385983
3.17836213
3.17285085
3.16732621
3.16178823
3.15623736
3.15067363
3.14509726
3.13950872
3.13390779
3.12829494
3.12267041
3.11703444
3.11138725
3.10572886
3.10005975
3.09438014
3.08868980
3.08298969
3.07727933
3.07155943
3.06582999
3.06009126
3.05434346
3.04858685
3.04282165
3.03704810
3.03126645
3.02547693
3.01967955
3.01387477
3.00806284
3.00224400
2.99641800
2.99058580
2.98474693
2.97890234
2.97305155
2.96719503
2.96133351
2.95546651
2.94959474
2.94371819
2.93783689
2.93195176
2.92606235
2.92016888
2.91427207
2.90837193
2.90246868
2.89656234
2.89065361
2.88474250
2.87882900
2.87291336
2.86699629
2.86107755
2.85515761
2.84923649
2.84331489
2.83739233
2.83146954
2.82554674
2.81962395
2.81370139
2.80777955
2.80185866
2.79593849
2.79001975
2.78410244
2.77818704
2.77227330
2.76636195
2.76045299
2.75454664
2.74864316
2.74274278
2.73684573
2.73095226
2.72506261
2.71917701
2.71329570
2.70741868
2.70154643
2.69567919
2.68981719
2.68396068
2.67810965
2.67226434
2.66642523
2.66059256
2.65476632
2.64894676
2.64313436
2.63732910
2.63153148
2.62574124
2.61995912
2.61418486
2.60841918
2.60266209
2.59691358
2.59117436
2.58544421
2.57972360
2.57401252
2.56831145
2.56262088
2.55694032
2.55127025
2.54561114
2.53996301
2.53432631
2.52870083
2.52308726
2.51748538
2.51189566
2.50631833
2.50075364
2.49520159
2.48966265
2.48413682
2.47862458
2.47312593
2.46764088
2.46217012
2.45671368
2.45127153
2.44584417
2.44043183
2.43503475
2.42965293
2.42428637
2.41893578
2.41360116
2.40828276
2.40298080
2.39769530
2.39242673
2.38717508
2.38194060
2.37672377
2.37152410
2.36634254
2.36117911
2.35603380
2.35090685
2.34579873
2.34070945
2.33563900
2.33058786
2.32555628
2.32054400
2.31555200
2.31057954
2.30562758
2.30069590
2.29578495
2.29089475
2.28602552
2.28117752
2.27635074
2.27154541
2.26676202
2.26200056
2.25726128
2.25254416
2.24784970
2.24317765
2.23852873
2.23390269
2.22930002
2.22472048
2.22016454
2.21563268
2.21112466
2.20664048
2.20218086
2.19774556
2.19333506
2.18894911
2.18458843
2.18025279
2.17594242
2.17165756
2.16739845
2.16316509
2.15895772
2.15477657
2.15062189
2.14649343
2.14239192
2.13831687
2.13426924
2.13024855
2.12625504
2.12228918
2.11835074
2.11443996
2.11055732
2.10670280
2.10287666
2.09907866
2.09530926
2.09156847
2.08785653
2.08417344
2.08051968
2.07689524
2.07330012
2.06973433
2.06619859
2.06269240
2.05921650
2.05577040
2.05235481
2.04896927
2.04561448
2.04229045
2.03899717
2.03573465
2.03250313
2.02930307
2.02613425
2.02299666
2.01989079
2.01681638
2.01377392
2.01076341
2.00778508
2.00483871
2.00192475
1.99904311
1.99619389
1.99337745
1.99059367
1.98784292
1.98512495
1.98244011
1.97978854
1.97717023
1.97458518
1.97203374
1.96951592
1.96703172
1.96458137
1.96216500
1.95978248
1.95743418
1.95512021
1.95284033
1.95059478
1.94838393
1.94620752
1.94406569
1.94195867
1.93988657
1.93784928
1.93584704
1.93387973
1.93194783
1.93005109
1.92818952
1.92636347
1.92457294
1.92281783
1.92109847
1.91941464
1.91776681
1.91615474
1.91457832
1.91303813
1.91153395
1.91006577
1.90863371
1.90723801
1.90587854
1.90455544
1.90326869
1.90201831
1.90080452
1.89962721
1.89848661
1.89738262
1.89631534
1.89528489
1.89429104
1.89333415
1.89241409
1.89153111
1.89068496
1.88987577
1.88910377
1.88836873
1.88767087
1.88701010
1.88638663
1.88580024
1.88525116
1.88473928
1.88426483
1.88382745
1.88342762
1.88306510
1.88273990
1.88245213
1.88220179
1.88198888
1.88181341
1.88167536
1.88157499
1.88151181
1.88148642
1.88149822
1.88154769
1.88163483
1.88175929
1.88192129
1.88212085
1.88235795
1.88263237
1.88294446
1.88329422
1.88368118
1.88410580
1.88456786
1.88506746
1.88560438
1.88617885
1.88679075
1.88744009
1.88812685
1.88885093
1.88961232
1.89041126
1.89124727
1.89212060
1.89303124
1.89397931
1.89496434
1.89598668
1.89704597
1.89814258
1.89927614
1.90044677
1.90165448
1.90289903
1.90418065
1.90549910
1.90685439
1.90824640
1.90967524
1.91114080
1.91264284
1.91418171
1.91575694
1.91736889
1.91901708
1.92070174
1.92242277
1.92418003
1.92597342
1.92780316
1.92966890
1.93157065
1.93350840
1.93548203
1.93749142
1.93953669
1.94161749
1.94373417
1.94588625
1.94807363
1.95029664
1.95255494
1.95484829
1.95717704
1.95954072
1.96193945
1.96437311
1.96684158
1.96934485
1.97188258
1.97445500
1.97706199
1.97970319
1.98237872
1.98508847
1.98783231
1.99061012
1.99342191
1.99626744
1.99914670
2.00205946
2.00500607
2.00798559
2.01099873
2.01404500
2.01712418
2.02023649
2.02338147
2.02655935
2.02976990
2.03301287
2.03628826
2.03959608
2.04293585
2.04630756
2.04971147
2.05314708
2.05661416
2.06011319
2.06364346
2.06720471
2.07079768
2.07442141
2.07807589
2.08176136
2.08547759
2.08922410
2.09300113
2.09680843
2.10064578
2.10451293
2.10841012
2.11233711
2.11629343
2.12027907
2.12429428
2.12833834
2.13241148
2.13651347
2.14064407
2.14480329
2.14899087
2.15320659
2.15745044
2.16172218
2.16602182
2.17034888
2.17470336
2.17908525
2.18349433
2.18793035
2.19239306
2.19688249
2.20139837
2.20594072
2.21050906
2.21510363
2.21972394
2.22436976
2.22904110
2.23373771
2.23845959
2.24320650
2.24797821
2.25277448
2.25759530
2.26244020
2.26730943
2.27220225
2.27711916
2.28205967
2.28702331
2.29201031
2.29702044
2.30205321
2.30710888
2.31218672
2.31728697
2.32240939
2.32755375
2.33272004
2.33790755
2.34311652
2.34834671
2.35359764
2.35886955
2.36416197
2.36947489
2.37480807
2.38016129
2.38553405
2.39092660
2.39633870
2.40176964
2.40721989
2.41268897
2.41817641
2.42368269
2.42920685
2.43474913
2.44030929
2.44588709
2.45148206
2.45709443
2.46272397
2.46836996
2.47403264
2.47971177
2.48540711
2.49111843
2.49684548
2.50258780
2.50834560
2.51411867
2.51990652
2.52570939
2.53152633
2.53735781
2.54320312
2.54906249
2.55493522
2.56082153
2.56672096
2.57263374
2.57855892
2.58449674
2.59044671
2.59640908
2.60238314
2.60836911
2.61436629
2.62037492
2.62639451
2.63242483
2.63846564
2.64451671
2.65057826
2.65664959
2.66273046
2.66882086
2.67492056
2.68102932
2.68714666
2.69327283
2.69940710
2.70554972
2.71169996
2.71785808
2.72402358
2.73019624
2.73637581
2.74256229
2.74875522
2.75495434
2.76115990
2.76737094
2.77358794
2.77980995
2.78603721
2.79226971
2.79850650
2.80474806
2.81099367
2.81724334
2.82349706
2.82975388
2.83601427
2.84227777
2.84854412
2.85481310
2.86108446
2.86735797
2.87363362
2.87991071
2.88618946
2.89246917
2.89875007
2.90503192
2.91131425
2.91759682
2.92387962
2.93016219
2.93644452
2.94272590
2.94900656
2.95528626
2.96156502
2.96784163
2.97411704
2.98039007
2.98666120
2.99292946
2.99919534
3.00545835
3.01171803
3.01797462
3.02422738
3.03047633
3.03672123
3.04296207
3.04919815
3.05542946
3.06165600
3.06787705
3.07409286
3.08030319
3.08650732
3.09270549
3.09889722
3.10508251
3.11126089
3.11743212
3.12359643
3.12975311
3.13590193
3.14204288
3.14817572
3.15430021
3.16041613
3.16652322
3.17262125
3.17870975
3.18478894
3.19085836
3.19691777
3.20296717
3.20900583
3.21503425
3.22105169
3.22705793
3.23305321
3.23903656
3.24500847
3.25096846
3.25691605
3.26285148
3.26877403
3.27468395
3.28058100
3.28646445
3.29233456
3.29819107
3.30403352
3.30986214
3.31567621
3.32147574
3.32726049
3.33303046
3.33878493
3.34452438
3.35024786
3.35595584
3.36164761
3.36732316
3.37298250
3.37862468
3.38425064
3.38985896
3.39545012
3.40102410
3.40658021
3.41211843
3.41763854
3.42314053
3.42862391
3.43408847
3.43953443
3.44496083
3.45036840
3.45575643
3.46112466
3.46647263
3.47180104
3.47710896
3.48239660
3.48766327
3.49290919
3.49813414
3.50333762
3.50851989
3.51368070
3.51881933
3.52393603
3.52903080
3.53410292
3.53915238
3.54417920
3.54918313
3.55416393
3.55912137
3.56405568
3.56896591
3.57385254
3.57871485
3.58355331
3.58836722
3.59315658
3.59792113
3.60266089
3.60737562
3.61206484
3.61672902
3.62136722
3.62597990
3.63056684
3.63512731
3.63966155
3.64416957
3.64865088
3.65310550
3.65753317
3.66193342
3.66630673
3.67065263
3.67497110
3.67926168
3.68352437
3.68775892
3.69196558
3.69614363
3.70029330
3.70441413
3.70850635
3.71256971
3.71660399
3.72060871
3.72458434
3.72853041
3.73244667
3.73633313
3.74018979
3.74401617
3.74781251
3.75157809
3.75531363
3.75901818
3.76269197
3.76633501
3.76994681
3.77352762
3.77707696
3.78059506
3.78408122
3.78753591
3.79095888
3.79434991
3.79770851
3.80103517
3.80432963
3.80759144
3.81082082
3.81401753
3.81718135
3.82031250
3.82341027
3.82647514
3.82950687
3.83250523
3.83546996
3.83840132
3.84129882
3.84416270
3.84699273
3.84978867
3.85255075
3.85527849
3.85797191
3.86063099
3.86325574
3.86584592
3.86840129
3.87092185
3.87340784
3.87585855
3.87827468
3.88065553
3.88300085
3.88531137
3.88758659
3.88982606
3.89203024
3.89419866
3.89633155
3.89842868
3.90048981
3.90251541
3.90450454
3.90645790
3.90837550
3.91025662
3.91210151
3.91391015
3.91568232
3.91741800
3.91911721
3.92078018
3.92240620
3.92399597
3.92554855
3.92706466
3.92854381
3.92998600
3.93139148
3.93275976
3.93409133
3.93538570
3.93664289
3.93786287
3.93904591
3.94019151
3.94129968
3.94237089
3.94340467
3.94440079
3.94535995
3.94628119
3.94716525
3.94801188
3.94882083
3.94959211
3.95032573
3.95102191
3.95168066
3.95230150
3.95288467
3.95343041
3.95393825
3.95440817
3.95484066
3.95523548
3.95559239
3.95591140
3.95619273
3.95643616
3.95664215
3.95681000
3.95694041
3.95703268
3.95708728
3.95710421
3.95708346
3.95702457
3.95692825
3.95679402
3.95662189
3.95641208
3.95616460
3.95587945
3.95555639
3.95519590
3.95479774
3.95436168
3.95388818
3.95337701
3.95282841
3.95224214
3.95161819
3.95095682
3.95025802
3.94952178
3.94874811
3.94793701
3.94708848
3.94620275
3.94527984
3.94431949
3.94332194
3.94228745
3.94121599
3.94010687
3.93896103
3.93777847
3.93655872
3.93530226
3.93400884
3.93267870
3.93131185
3.92990828
3.92846799
3.92699146
3.92547822
3.92392850
3.92234254
3.92072034
3.91906190
3.91736698
3.91563606
3.91386962
3.91206670
3.91022801
3.90835357
3.90644336
3.90449739
3.90251589
3.90049887
3.89844632
3.89635849
3.89423561
3.89207745
3.88988400
3.88765574
3.88539243
3.88309431
3.88076138
3.87839389
3.87599158
3.87355518
3.87108421
3.86857915
3.86603975
3.86346626
3.86085892
3.85821748
3.85554266
3.85283375
3.85009146
3.84731579
3.84450650
3.84166431
3.83878899
3.83588028
3.83293915
3.82996488
3.82695818
3.82391882
3.82084680
3.81774259
3.81460643
3.81143808
3.80823755
3.80500531
3.80174160
3.79844594
3.79511929
3.79176092
3.78837156
3.78495097
3.78149986
3.77801752
3.77450466
3.77096152
3.76738763
3.76378369
3.76014972
3.75648570
3.75279164
3.74906802
3.74531484
3.74153256
3.73772073
3.73388004
3.73001027
3.72611165
3.72218442
3.71822882
3.71424460
3.71023226
3.70619202
3.70212388
3.69802785
3.69390440
3.68975353
3.68557549
3.68137026
3.67713809
3.67287898
3.66859341
3.66428161
3.65994358
3.65557909
3.65118861
3.64677262
3.64233088
3.63786387
3.63337159
3.62885427
3.62431192
3.61974502
3.61515331
3.61053729
3.60589719
3.60123301
3.59654498
3.59183311
3.58709788
3.58233929
3.57755756
3.57275319
3.56792569
3.56307602
3.55820346
3.55330896
3.54839277
3.54345417
3.53849411
3.53351283
3.52851009
3.52348638
3.51844192
3.51337647
3.50829101
3.50318480
3.49805880
3.49291277
3.48774695
3.48256183
3.47735715
3.47213364
3.46689129
3.46163011
3.45635009
3.45105219
3.44573617
3.44040203
3.43505025
3.42968130
3.42429495
3.41889119
3.41347098
3.40803385
3.40258050
3.39711070
3.39162493
3.38612342
3.38060617
3.37507343
3.36952567
3.36396313
3.35838556
3.35279346
3.34718704
3.34156656
3.33593202
3.33028388
3.32462239
3.31894755
3.31325936
3.30755901
3.30184531
3.29611993
3.29038191
3.28463197
3.27887034
3.27309728
3.26731277
3.26151752
3.25571084
3.24989414
3.24406648
3.23822904
3.23238158
3.22652435
3.22065759
3.21478152
3.20889640
3.20300221
3.19709969
3.19118857
3.18526959
3.17934251
3.17340755
3.16746521
3.16151595
3.15555930
3.14959574
3.14362597
3.13764930
3.13166714
3.12567854
3.11968446
3.11368513
3.10768032
3.10167098
3.09565639
3.08963728
3.08361435
3.07758689
3.07155585
3.06552100
3.05948281
3.05344152
3.04739738
3.04135060
3.03530145
3.02924991
3.02319622
3.01714110
3.01108408
3.00502610
2.99896669
2.99290705
2.98684645
2.98078537
2.97472405
2.96866322
2.96260238
2.95654202
2.95048285
2.94442439
2.93836713
2.93231153
2.92625761
2.92020535
2.91415548
2.90810823
2.90206313
2.89602137
2.88998246
2.88394666
2.87791467
2.87188649
2.86586213
2.85984206
2.85382652
2.84781551
2.84180951
2.83580899
2.82981324
2.82382345
2.81783962
2.81186175
2.80589008
2.79992485
2.79396653
2.78801513
2.78207088
2.77613425
2.77020502
2.76428390
2.75837064
2.75246596
2.74656963
2.74068236
2.73480368
2.72893453
2.72307467
2.71722460
2.71138430
2.70555449
2.69973469
2.69392538
2.68812704
2.68233967
2.67656350
2.67079878
2.66504574
2.65930438
2.65357542
2.64785862
2.64215446
2.63646293
2.63078451
2.62511921
2.61946726
2.61382914
2.60820460
2.60259414
2.59699821
2.59141636
2.58584952
2.58029747
2.57476044
2.56923890
2.56373286
2.55824232
2.55276799
2.54730964
2.54186797
2.53644276
2.53103399
2.52564263
2.52026820
2.51491141
2.50957203
2.50425053
2.49894714
2.49366164
2.48839474
2.48314667
2.47791696
2.47270679
2.46751547
2.46234369
2.45719147
2.45205903
2.44694638
2.44185424
2.43678236
2.43173122
2.42670083
2.42169118
2.41670275
2.41173577
2.40679026
2.40186644
2.39696455
2.39208484
2.38722730
2.38239241
2.37757993
2.37279034
2.36802387
2.36328053
2.35856080
2.35386419
2.34919167
2.34454298
2.33991838
2.33531785
2.33074212
2.32619071
2.32166433
2.31716275
2.31268620
2.30823517
2.30380964
2.29940987
2.29503560
2.29068732
2.28636551
2.28206968
2.27780056
2.27355790
2.26934218
2.26515341
2.26099157
2.25685740
2.25275040
2.24867082
2.24461913
2.24059558
2.23659992
2.23263240
2.22869349
2.22478271
2.22090101
2.21704769
2.21322370
2.20942855
2.20566273
2.20192647
2.19821954
2.19454241
2.19089484
2.18727756
2.18369031
2.18013310
2.17660642
2.17311025
2.16964459
2.16620994
2.16280603
2.15943289
2.15609145
2.15278101
2.14950180
2.14625430
2.14303851
2.13985443
2.13670230
2.13358235
2.13049436
2.12743855
2.12441540
2.12142444
2.11846614
2.11554074
2.11264825
2.10978842
2.10696197
2.10416842
2.10140824
2.09868145
2.09598804
2.09332824
2.09070230
2.08810997
2.08555174
2.08302712
2.08053684
2.07808089
2.07565904
2.07327151
2.07091856
2.06859994
2.06631613
2.06406689
2.06185269
2.05967331
2.05752897
2.05541945
2.05334544
2.05130625
2.04930258
2.04733443
2.04540157
2.04350424
2.04164243
2.03981638
2.03802609
2.03627157
2.03455305
2.03287029
2.03122377
2.02961302
2.02803874
2.02650046
2.02499866
2.02353287
2.02210355
2.02071071
2.01935434
2.01803446
2.01675129
2.01550484
2.01429486
2.01312160
2.01198530
2.01088572
2.00982308
2.00879717
2.00780845
2.00685644
2.00594187
2.00506401
2.00422335
2.00341964
2.00265336
2.00192404
2.00123215
2.00057745
1.99996006
1.99937975
1.99883711
1.99833155
1.99786341
1.99743259
1.99703932
1.99668336
1.99636495
1.99608386
1.99584031
1.99563420
1.99546564
1.99533427
1.99524069
1.99518454
1.99516594
1.99518478
1.99524105
1.99533498
1.99546623
1.99563503
1.99584150
1.99608517
1.99636662
1.99668527
1.99704158
1.99743509
1.99786627
1.99833477
1.99884069
1.99938405
1.99996471
2.00058270
2.00123811
2.00193071
2.00266051
2.00342774
2.00423217
2.00507355
2.00595236
2.00686812
2.00782108
2.00881100
2.00983810
2.01090217
2.01200318
2.01314092
2.01431584
2.01552725
2.01677561
2.01806068
2.01938248
2.02074099
2.02213597
2.02356744
2.02503538
2.02653980
2.02808070
2.02965784
2.03127122
2.03292084
2.03460670
2.03632832
2.03808618
2.03988004
2.04170966
2.04357505
2.04547644
2.04741311
2.04938579
2.05139375
2.05343699
2.05551600
2.05763006
2.05977941
2.06196404
2.06418371
2.06643820
2.06872749
2.07105184
2.07341099
2.07580447
2.07823277
2.08069539
2.08319235
2.08572364
2.08828902
2.09088874
2.09352207
2.09618950
2.09889078
2.10162568
2.10439396
2.10719609
2.11003137
2.11290002
2.11580181
2.11873674
2.12170434
2.12470508
2.12773824
2.13080430
2.13390279
2.13703370
2.14019680
2.14339185
2.14661908
2.14987826
2.15316939
2.15649199
2.15984607
2.16323161
2.16664839
2.17009664
2.17357564
2.17708540
2.18062615
2.18419743
2.18779945
2.19143152
2.19509411
2.19878650
2.20250893
2.20626140
2.21004343
2.21385479
2.21769571
2.22156596
2.22546506
2.22939348
2.23335028
2.23733616
2.24135017
2.24539280
2.24946356
2.25356245
2.25768900
2.26184368
2.26602578
2.27023506
2.27447200
2.27873588
2.28302670
2.28734446
2.29168868
2.29605937
2.30045652
2.30487967
2.30932903
2.31380415
2.31830478
2.32283092
2.32738233
2.33195901
2.33656049
2.34118700
2.34583783
2.35051322
2.35521293
2.35993671
2.36468434
2.36945581
2.37425089
2.37906933
2.38391089
2.38877535
2.39366293
2.39857292
2.40350556
2.40846014
2.41343713
2.41843605
2.42345667
2.42849851
2.43356204
2.43864655
2.44375205
2.44887853
2.45402527
2.45919251
2.46438003
2.46958756
2.47481489
2.48006153
2.48532796
2.49061322
2.49591780
2.50124097
2.50658298
2.51194334
2.51732183
2.52271843
2.52813268
2.53356457
2.53901386
2.54448032
2.54996395
2.55546427
2.56098104
2.56651449
2.57206368
2.57762909
2.58321023
2.58880687
2.59441853
2.60004568
2.60568762
2.61134434
2.61701536
2.62270069
2.62840009
2.63411331
2.63984036
2.64558053
2.65133405
2.65710044
2.66287947
2.66867137
2.67447519
2.68029141
2.68611956
2.69195914
2.69781017
2.70367241
2.70954585
2.71543002
2.72132468
2.72722960
2.73314476
2.73906994
2.74500465
2.75094891
2.75690222
2.76286459
2.76883578
2.77481532
2.78080344
2.78679967
2.79280353
2.79881525
2.80483437
2.81086063
2.81689382
2.82293391
2.82898045
2.83503318
2.84109211
2.84715676
2.85322714
2.85930276
2.86538363
2.87146950
2.87755990
2.88365483
2.88975406
2.89585710
2.90196419
2.90807462
2.91418839
2.92030501
2.92642498
2.93254709
2.93867183
2.94479895
2.95092773
2.95705819
2.96319008
2.96932340
2.97545767
2.98159266
2.98772812
2.99386406
3.00000000
3.00613594
3.01227140
3.01840591
3.02453995
3.03067279
3.03680468
3.04293466
3.04906297
3.05518937
3.06131339
3.06743503
3.07355404
3.07966995
3.08578300
3.09189248
3.09799838
3.10410047
3.11019826
3.11629224
3.12238145
3.12846565
3.13454509
3.14061928
3.14668798
3.15275121
3.15880847
3.16485953
3.17090416
3.17694259
3.18297362
3.18899798
3.19501495
3.20102453
3.20702624
3.21302009
3.21900582
3.22498322
3.23095202
3.23691177
3.24286270
3.24880409
3.25473595
3.26065826
3.26657033
3.27247238
3.27836394
3.28424525
3.29011512
3.29597425
3.30182219
3.30765843
3.31348300
3.31929564
3.32509589
3.33088398
3.33665919
3.34242177
3.34817147
3.35390735
3.35963035
3.36533928
3.37103438
3.37671566
3.38238239
3.38803434
3.39367175
3.39929414
3.40490127
3.41049314
3.41606927
3.42162943
3.42717385
3.43270206
3.43821359
3.44370842
3.44918680
3.45464754
3.46009135
3.46551752
3.47092605
3.47631693
3.48168921
3.48704362
3.49237943
3.49769640
3.50299454
3.50827360
3.51353335
3.51877356
3.52399421
3.52919459
3.53437543
3.53953552
3.54467535
3.54979444
3.55489254
3.55996966
3.56502557
3.57006001
3.57507300
3.58006382
3.58503294
3.58997965
3.59490418
3.59980583
3.60468483
3.60954094
3.61437392
3.61918354
3.62397003
3.62873220
3.63347101
3.63818550
3.64287591
3.64754224
3.65218353
3.65680027
3.66139197
3.66595864
3.67050004
3.67501616
3.67950654
3.68397141
3.68841028
3.69282269
3.69720888
3.70156884
3.70590234
3.71020889
3.71448851
3.71874070
3.72296596
3.72716379
3.73133421
3.73547673
3.73959136
3.74367809
3.74773645
3.75176620
3.75576782
3.75974083
3.76368475
3.76760006
3.77148604
3.77534270
3.77917004
3.78296804
3.78673625
3.79047465
3.79418278
3.79786110
3.80150914
3.80512667
3.80871391
3.81227016
3.81579566
3.81929064
3.82275414
3.82618666
3.82958770
3.83295751
3.83629537
3.83960176
3.84287643
3.84611917
3.84932947
3.85250783
3.85565400
3.85876751
3.86184859
3.86489701
3.86791229
3.87089515
3.87384462
3.87676096
3.87964439
3.88249421
3.88531065
3.88809371
3.89084268
3.89355826
3.89623976
3.89888716
3.90150070
3.90408015
3.90662503
3.90913558
3.91161203
3.91405368
3.91646051
3.91883254
3.92117000
3.92347240
3.92573977
3.92797232
3.93016911
3.93233109
3.93445754
3.93654871
3.93860412
3.94062400
3.94260836
3.94455695
3.94646955
3.94834638
3.95018697
3.95199180
3.95376062
3.95549321
3.95718956
3.95884943
3.96047306
3.96206021
3.96361065
3.96512485
3.96660233
3.96804333
3.96944737
3.97081470
3.97214508
3.97343874
3.97469544
3.97591519
3.97709799
3.97824359
3.97935200
3.98042321
3.98145747
3.98245430
3.98341393
3.98433638
3.98522115
3.98606873
3.98687887
3.98765159
3.98838687
3.98908448
3.98974466
3.99036717
3.99095201
3.99149942
3.99200916
3.99248123
3.99291563
3.99331236
3.99367142
3.99399257
3.99427629
3.99452209
3.99473000
3.99490023
3.99503279
3.99512720
3.99518418
3.99520350
3.99518466
3.99512815
3.99503398
3.99490190
3.99473214
3.99452424
3.99427891
3.99399590
3.99367476
3.99331594
3.99291968
3.99248552
3.99201345
3.99150395
3.99095678
3.99037170
3.98974919
3.98908901
3.98839140
3.98765612
3.98688316
3.98607278
3.98522496
3.98433971
3.98341703
3.98245692
3.98145938
3.98042464
3.97935247
3.97824311
3.97709656
3.97591305
3.97469234
3.97343421
3.97213936
3.97080755
3.96943879
3.96803331
3.96659064
3.96511149
3.96359539
3.96204281
3.96045327
3.95882773
3.95716524
3.95546651
3.95373154
3.95196009
3.95015240
3.94830823
3.94642830
3.94451261
3.94256067
3.94057274
3.93854904
3.93648958
3.93439436
3.93226385
3.93009758
3.92789602
3.92565894
3.92338681
3.92107916
3.91873646
3.91635919
3.91394663
3.91149926
3.90901709
3.90650034
3.90394902
3.90136313
3.89874315
3.89608860
3.89339995
3.89067721
3.88792062
3.88512993
3.88230562
3.87944746
3.87655616
3.87363100
3.87067246
3.86768103
3.86465621
3.86159849
3.85850787
3.85538435
3.85222816
3.84903955
3.84581828
3.84256482
3.83927941
3.83596158
3.83261180
3.82923031
3.82581711
3.82237220
3.81889606
3.81538844
3.81184983
3.80827975
3.80467916
3.80104756
3.79738545
3.79369283
3.78996944
3.78621626
3.78243279
3.77861929
3.77477598
3.77090287
3.76700044
3.76306868
3.75910759
3.75511718
3.75109816
3.74705005
3.74297333
3.73886847
3.73473477
3.73057318
3.72638345
3.72216582
3.71792030
3.71364737
3.70934701
3.70501971
3.70066500
3.69628334
3.69187498
3.68743992
3.68297839
3.67849088
3.67397690
3.66943717
3.66487169
3.66028047
3.65566397
3.65102220
3.64635539
3.64166355
3.63694715
3.63220596
3.62744045
3.62265086
3.61783719
3.61299968
3.60813832
3.60325360
3.59834552
3.59341431
3.58846021
3.58348346
3.57848406
3.57346201
3.56841803
3.56335235
3.55826426
3.55315471
3.54802394
3.54287148
3.53769827
3.53250432
3.52728939
3.52205420
3.51679850
3.51152301
3.50622749
3.50091219
3.49557734
3.49022341
3.48485017
3.47945809
3.47404742
3.46861792
3.46317053
3.45770478
3.45222116
3.44671988
3.44120121
3.43566537
3.43011212
3.42454219
3.41895556
3.41335249
3.40773320
3.40209794
3.39644670
3.39077997
3.38509774
3.37940049
3.37368822
3.36796117
3.36221957
3.35646343
3.35069323
3.34490919
3.33911133
3.33330035
3.32747579
3.32163835
3.31578803
3.30992508
3.30404973
3.29816222
3.29226279
3.28635168
3.28042889
3.27449465
3.26854968
3.26259375
3.25662708
3.25065017
3.24466300
3.23866582
3.23265886
3.22664261
3.22061682
3.21458220
3.20853853
3.20248628
3.19642568
3.19035697
3.18428016
3.17819571
3.17210388
3.16600466
3.15989852
3.15378547
3.14766598
3.14153981
3.13540769
3.12926984
3.12312603
3.11697698
3.11082268
3.10466361
3.09849954
3.09233069
3.08615804
3.07998109
3.07380033
3.06761599
3.06142807
3.05523729
3.04904342
3.04284692
3.03664804
3.03044701
3.02424359
3.01803899
3.01183224
3.00562453
2.99941564
2.99320626
2.98699594
2.98078537
2.97457457
2.96836376
2.96215343
2.95594358
2.94973469
2.94352651
2.93731976
2.93111444
2.92491078
2.91870904
2.91250968
2.90631247
2.90011811
2.89392638
2.88773799
2.88155270
2.87537098
2.86919308
2.86301923
2.85684943
2.85068417
2.84452367
2.83836818
2.83221769
2.82607269
2.81993318
2.81379962
2.80767202
2.80155087
2.79543614
2.78932810
2.78322697
2.77713323
2.77104688
2.76496816
2.75889730
2.75283456
2.74678016
2.74073434
2.73469734
2.72866917
2.72265029
2.71664071
2.71064115
2.70465136
2.69867158
2.69270229
2.68674350
2.68079543
2.67485833
2.66893268
2.66301847
2.65711570
2.65122485
2.64534616
2.63947988
2.63362622
2.62778497
2.62195683
2.61614203
2.61034060
2.60455275
2.59877872
2.59301877
2.58727312
2.58154178
2.57582521
2.57012343
2.56443715
2.55876589
2.55311012
2.54747033
2.54184628
2.53623843
2.53064704
2.52507210
2.51951408
2.51397300
2.50844908
2.50294280
2.49745369
2.49198270
2.48652959
2.48109484
2.47567821
2.47028041
2.46490145
2.45954156
2.45420074
2.44887948
2.44357753
2.43829560
2.43303370
2.42779183
2.42257047
2.41736960
2.41218972
2.40703058
2.40189266
2.39677620
2.39168119
2.38660789
2.38155651
2.37652707
2.37152028
2.36653566
2.36157370
2.35663462
2.35171866
2.34682584
2.34195662
2.33711052
2.33228850
2.32749033
2.32271624
2.31796622
2.31324100
2.30854011
2.30386424
2.29921317
2.29458737
2.28998685
2.28541183
2.28086233
2.27633858
2.27184105
2.26736951
2.26292443
2.25850582
2.25411391
2.24974847
2.24541020
2.24109912
2.23681545
2.23255897
2.22833014
2.22412896
2.21995592
2.21581078
2.21169400
2.20760560
2.20354557
2.19951415
2.19551158
2.19153810
2.18759370
2.18367839
2.17979264
2.17593646
2.17210984
2.16831303
2.16454625
2.16080952
2.15710306
2.15342712
2.14978147
2.14616656
2.14258242
2.13902903
2.13550687
2.13201594
2.12855601
2.12512755
2.12173080
2.11836576
2.11503220
2.11173081
2.10846138
2.10522413
2.10201907
2.09884644
2.09570622
2.09259892
2.08952403
2.08648205
2.08347321
2.08049726
2.07755446
2.07464504
2.07176900
2.06892633
2.06611729
2.06334209
2.06060052
2.05789280
2.05521917
2.05257964
2.04997444
2.04740334
2.04486656
2.04236436
2.03989649
2.03746343
2.03506517
2.03270173
2.03037310
2.02807927
2.02582073
2.02359748
2.02140927
2.01925635
2.01713896
2.01505685
2.01301026
2.01099944
2.00902414
2.00708461
2.00518107
2.00331330
2.00148153
1.99968576
1.99792600
1.99620235
1.99451506
1.99286401
1.99124920
1.98967087
1.98812890
1.98662341
1.98515451
1.98372221
1.98232651
1.98096752
1.97964525
1.97835982
1.97711110
1.97589934
1.97472453
1.97358656
1.97248566
1.97142184
1.97039497
1.96940529
1.96845269
1.96753740
1.96665907
1.96581805
1.96501434
1.96424794
1.96351874
1.96282697
1.96217239
1.96155536
1.96097553
1.96043324
1.95992839
1.95946097
1.95903087
1.95863843
1.95828331
1.95796585
1.95768559
1.95744312
1.95723808
1.95707047
1.95694029
1.95684779
1.95679271
1.95677519
1.95679510
1.95685256
1.95694745
1.95708001
1.95724976
1.95745718
1.95770192
1.95798421
1.95830381
1.95866096
1.95905542
1.95948732
1.95995641
1.96046305
1.96100676
1.96158779
1.96220624
1.96286190
1.96355450
1.96428454
1.96505153
1.96585584
1.96669698
1.96757531
1.96849048
1.96944273
1.97043180
1.97145796
1.97252083
1.97362041
1.97475672
1.97592986
1.97713947
1.97838581
1.97966862
1.98098803
1.98234379
1.98373592
1.98516428
1.98662913
1.98812997
1.98966718
1.99124038
1.99284947
1.99449468
1.99617565
1.99789250
1.99964523
2.00143337
2.00325751
2.00511694
2.00701165
2.00894213
2.01090765
2.01290846
2.01494431
2.01701546
2.01912141
2.02126241
2.02343822
2.02564859
2.02789378
2.03017354
2.03248763
2.03483605
2.03721881
2.03963590
2.04208708
2.04457211
2.04709101
2.04964375
2.05223012
2.05485034
2.05750394
2.06019068
2.06291103
2.06566429
2.06845069
2.07127023
2.07412243
2.07700729
2.07992506
2.08287501
2.08585763
2.08887219
2.09191918
2.09499812
2.09810901
2.10125160
2.10442591
2.10763192
2.11086917
2.11413765
2.11743760
2.12076831
2.12413001
2.12752223
2.13094544
2.13439918
2.13788295
2.14139724
2.14494157
2.14851594
2.15211987
2.15575385
2.15941715
2.16310978
2.16683197
2.17058301
2.17436314
2.17817187
2.18200946
2.18587565
2.18976998
2.19369268
2.19764328
2.20162201
2.20562863
2.20966244
2.21372390
2.21781254
2.22192860
2.22607136
2.23024106
2.23443723
2.23866010
2.24290919
2.24718428
2.25148559
2.25581264
2.26016545
2.26454353
2.26894712
2.27337575
2.27782941
2.28230786
2.28681087
2.29133844
2.29589033
2.30046606
2.30506587
2.30968952
2.31433678
2.31900716
2.32370090
2.32841754
2.33315730
2.33791947
2.34270430
2.34751129
2.35234022
2.35719132
2.36206412
2.36695838
2.37187409
2.37681103
2.38176870
2.38674736
2.39174652
2.39676595
2.40180588
2.40686560
2.41194510
2.41704440
2.42216301
2.42730069
2.43245769
2.43763328
2.44282746
2.44804025
2.45327115
2.45851994
2.46378684
2.46907115
2.47437286
2.47969174
2.48502779
2.49038053
2.49574995
2.50113559
2.50653744
2.51195526
2.51738882
2.52283812
2.52830243
2.53378201
2.53927660
2.54478574
2.55030942
2.55584741
2.56139922
2.56696510
2.57254457
2.57813740
2.58374357
2.58936262
2.59499431
2.60063887
2.60629535
2.61196423
2.61764503
2.62333727
2.62904119
2.63475609
2.64048243
2.64621925
2.65196657
2.65772438
2.66349220
2.66927004
2.67505765
2.68085456
2.68666077
2.69247603
2.69829988
2.70413232
2.70997334
2.71582222
2.72167921
2.72754383
2.73341584
2.73929501
2.74518108
2.75107408
2.75697351
2.76287913
2.76879096
2.77470875
2.78063202
2.78656077
2.79249454
2.79843330
2.80437684
2.81032467
2.81627703
2.82223296
2.82819319
2.83415675
2.84012341
2.84609342
2.85206628
2.85804176
2.86401963
2.86999965
2.87598157
2.88196516
2.88795042
2.89393687
2.89992428
2.90591240
2.91190124
2.91789031
2.92387962
2.92986870
2.93585730
2.94184518
2.94783258
2.95381880
2.95980382
2.96578717
2.97176886
2.97774863
2.98372602
2.98970079
2.99567318
3.00164247
3.00760889
3.01357174
3.01953125
3.02548671
3.03143811
3.03738546
3.04332805
3.04926586
3.05519867
3.06112647
3.06704879
3.07296538
3.07887602
3.08478069
3.09067893
3.09657097
3.10245562
3.10833335
3.11420417
3.12006736
3.12592268
3.13177013
3.13760948
3.14344049
3.14926291
3.15507650
3.16088104
3.16667604
3.17246175
3.17823792
3.18400359
3.18975949
3.19550490
3.20123982
3.20696378
3.21267676
3.21837831
3.22406840
3.22974682
3.23541331
3.24106741
3.24670935
3.25233841
3.25795507
3.26355839
3.26914859
3.27472520
3.28028846
3.28583741
3.29137254
3.29689336
3.30239940
3.30789065
3.31336713
3.31882834
3.32427406
3.32970452
3.33511877
3.34051728
3.34589934
3.35126519
3.35661411
3.36194658
3.36726165
3.37255955
3.37784004
3.38310266
3.38834763
3.39357424
3.39878297
3.40397286
3.40914416
3.41429663
3.41943002
3.42454410
3.42963862
3.43471360
3.43976831
3.44480348
3.44981790
3.45481205
3.45978546
3.46473813
3.46966982
3.47458005
3.47946906
3.48433638
3.48918176
3.49400520
3.49880648
3.50358534
3.50834179
3.51307535
3.51778603
3.52247357
3.52713776
3.53177857
3.53639555
3.54098892
3.54555821
3.55010319
3.55462408
3.55911994
3.56359148
3.56803799
3.57245946
3.57685566
3.58122635
3.58557153
3.58989120
3.59418464
3.59845209
3.60269308
3.60690784
3.61109614
3.61525750
3.61939192
3.62349916
3.62757945
3.63163209
3.63565755
3.63965487
3.64362431
3.64756608
3.65147948
3.65536427
3.65922093
3.66304874
3.66684794
3.67061806
3.67435932
3.67807102
3.68175364
3.68540668
3.68902993
3.69262338
3.69618678
3.69972014
3.70322347
3.70669627
3.71013856
3.71355033
3.71693110
3.72028112
3.72359991
3.72688770
3.73014402
3.73336911
3.73656249
3.73972416
3.74285412
3.74595213
3.74901795
3.75205183
3.75505328
3.75802231
3.76095867
3.76386261
3.76673341
3.76957154
3.77237654
3.77514863
3.77788758
3.78059292
3.78326488
3.78590345
3.78850818
3.79107928
3.79361653
3.79611969
3.79858875
3.80102372
3.80342460
3.80579066
3.80812287
3.81042004
3.81268287
3.81491065
3.81710386
3.81926203
3.82138538
3.82347345
3.82552624
3.82754397
3.82952642
3.83147335
3.83338475
3.83526063
3.83710098
3.83890533
3.84067392
3.84240675
3.84410357
3.84576416
3.84738922
3.84897757
3.85053015
3.85204601
3.85352564
3.85496902
3.85637569
3.85774589
3.85907960
3.86037660
3.86163688
3.86286044
3.86404705
3.86519694
3.86630988
3.86738586
3.86842489
3.86942673
3.87039161
3.87131929
3.87220979
3.87306309
3.87387896
3.87465787
3.87539911
3.87610292
3.87676954
3.87739873
3.87799048
3.87854457
3.87906122
3.87954021
3.87998176
3.88038564
3.88075209
3.88108063
3.88137174
3.88162518
3.88184071
3.88201857
3.88215876
3.88226128
3.88232613
3.88235283
3.88234210
3.88229346
3.88220716
3.88208318
3.88192129
3.88172150
3.88148403
3.88120890
3.88089609
3.88054514
3.88015676
3.87973046
3.87926650
3.87876463
3.87822509
3.87764788
3.87703300
3.87638044
3.87569022
3.87496233
3.87419677
3.87339377
3.87255335
3.87167501
3.87075925
3.86980605
3.86881542
3.86778736
3.86672187
3.86561894
3.86447859
3.86330104
3.86208630
3.86083436
3.85954499
3.85821891
3.85685539
3.85545468
3.85401726
3.85254288
3.85103154
3.84948349
3.84789824
3.84627652
3.84461784
3.84292269
3.84119081
3.83942270
3.83761787
3.83577681
3.83389926
3.83198547
3.83003545
3.82804894
3.82602668
3.82396865
3.82187438
3.81974411
3.81757832
3.81537652
3.81313920
3.81086636
3.80855799
3.80621409
3.80383468
3.80142045
3.79897094
3.79648614
3.79396653
3.79141188
3.78882265
3.78619838
3.78353977
3.78084636
3.77811861
3.77535629
3.77256012
3.76972938
3.76686478
3.76396632
3.76103377
3.75806761
3.75506759
3.75203443
3.74896765
3.74586725
3.74273396
3.73956752
3.73636794
3.73313570
3.72987056
3.72657275
3.72324228
3.71987939
3.71648431
3.71305728
3.70959783
3.70610642
3.70258355
3.69902873
3.69544244
3.69182491
3.68817568
3.68449569
3.68078423
3.67704201
3.67326927
3.66946554
3.66563153
3.66176701
3.65787244
3.65394759
3.64999294
3.64600849
3.64199400
3.63795042
3.63387752
3.62977505
3.62564373
3.62148333
3.61729431
3.61307645
3.60883021
3.60455561
3.60025287
3.59592223
3.59156370
3.58717728
3.58276320
3.57832193
3.57385349
3.56935787
3.56483555
3.56028605
3.55571032
3.55110788
3.54647970
3.54182482
3.53714418
3.53243804
3.52770615
3.52294898
3.51816654
3.51335883
3.50852633
3.50366950
3.49878764
3.49388146
3.48895121
3.48399687
3.47901893
3.47401690
3.46899176
3.46394324
3.45887160
3.45377707
3.44865990
3.44352007
3.43835783
3.43317342
3.42796707
3.42273903
3.41748905
3.41221786
3.40692520
3.40161180
3.39627767
3.39092255
3.38554716
3.38015127
3.37473559
3.36929989
3.36384439
3.35836959
3.35287547
3.34736228
3.34183025
3.33627963
3.33071017
3.32512259
3.31951714
3.31389356
3.30825233
3.30259395
3.29691815
3.29122496
3.28551531
3.27978873
3.27404594
3.26828694
3.26251197
3.25672102
3.25091457
3.24509263
3.23925567
3.23340368
3.22753716
3.22165585
3.21576023
3.20985055
3.20392680
3.19798946
3.19203901
3.18607497
3.18009806
3.17410851
3.16810584
3.16209126
3.15606451
3.15002561
3.14397502
3.13791299
3.13183951
3.12575531
3.11966014
3.11355424
3.10743809
3.10131192
3.09517550
3.08902955
3.08287406
3.07670927
3.07053542
3.06435275
3.05816150
3.05196166
3.04575419
3.03953838
3.03331494
3.02708411
3.02084613
3.01460099
3.00834894
3.00209069
2.99582577
2.98955512
2.98327804
2.97699571
2.97070789
2.96441483
2.95811701
2.95181441
2.94550681
2.93919563
2.93288016
2.92656064
2.92023778
2.91391134
2.90758204
2.90124965
2.89491487
2.88857746
2.88223791
2.87589622
2.86955309
2.86320806
2.85686207
2.85051489
2.84416723
2.83781862
2.83146954
2.82512045
2.81877184
2.81242323
2.80607510
2.79972792
2.79338193
2.78703690
2.78069353
2.77435184
2.76801205
2.76167464
2.75533962
2.74900699
2.74267745
2.73635101
2.73002791
2.72370839
2.71739244
2.71108079
2.70477343
2.69847035
2.69217205
2.68587875
2.67959070
2.67330790
2.66703057
2.66075945
2.65449429
2.64823532
2.64198303
2.63573742
2.62949896
2.62326765
2.61704373
2.61082745
2.60461926
2.59841895
2.59222722
2.58604407
2.57986975
2.57370424
2.56754804
2.56140137
2.55526423
2.54913735
2.54302049
2.53691387
2.53081799
2.52473259
2.51865840
2.51259565
2.50654435
2.50050449
2.49447656
2.48846102
2.48245764
2.47646689
2.47048879
2.46452379
2.45857215
2.45263386
2.44670916
2.44079828
2.43490148
2.42901897
2.42315078
2.41729760
2.41145921
2.40563607
2.39982820
2.39403582
2.38825941
2.38249874
2.37675428
2.37102628
2.36531496
2.35962033
2.35394287
2.34828258
2.34263968
2.33701420
2.33140683
2.32581735
2.32024622
2.31469345
2.30915928
2.30364394
2.29814792
2.29267073
2.28721333
2.28177524
2.27635717
2.27095914
2.26558113
2.26022387
2.25488687
2.24957085
2.24427581
2.23900199
2.23374939
2.22851849
2.22330928
2.21812201
2.21295691
2.20781398
2.20269370
2.19759607
2.19252110
2.18746948
2.18244100
2.17743587
2.17245412
2.16749644
2.16256261
2.15765285
2.15276766
2.14790678
2.14307046
2.13825893
2.13347244
2.12871099
2.12397504
2.11926460
2.11457992
2.10992074
2.10528779
2.10068107
2.09610081
2.09154677
2.08701968
2.08251905
2.07804561
2.07359934
2.06918049
2.06478906
2.06042504
2.05608892
2.05178070
2.04750061
2.04324889
2.03902531
2.03483057
2.03066421
2.02652669
2.02241850
2.01833916
2.01428914
2.01026869
2.00627756
2.00231624
1.99838471
1.99448335
1.99061191
1.98677087
1.98296010
1.97917998
1.97543049
1.97171187
1.96802402
1.96436727
1.96074176
1.95714760
1.95358479
1.95005357
1.94655406
1.94308639
1.93965054
1.93624687
1.93287539
1.92953610
1.92622924
1.92295492
1.91971326
1.91650438
1.91332841
1.91018534
1.90707529
1.90399849
1.90095508
1.89794493
1.89496839
1.89202547
1.88911629
1.88624096
1.88339949
1.88059199
1.87781858
1.87507951
1.87237465
1.86970425
1.86706829
1.86446691
1.86190009
1.85936821
1.85687113
1.85440898
1.85198176
1.84958959
1.84723282
1.84491110
1.84262478
1.84037399
1.83815849
1.83597863
1.83383453
1.83172584
1.82965314
1.82761633
1.82561529
1.82365024
1.82172132
1.81982839
1.81797171
1.81615126
1.81436718
1.81261933
1.81090796
1.80923295
1.80759454
1.80599272
1.80442750
1.80289888
1.80140698
1.79995203
1.79853368
1.79715216
1.79580772
1.79450011
1.79322958
1.79199588
1.79079950
1.78963995
1.78851771
1.78743255
1.78638470
1.78537381
1.78440034
1.78346419
1.78256536
1.78170371
1.78087962
1.78009272
1.77934325
1.77863121
1.77795660
1.77731943
1.77671993
1.77615762
1.77563298
1.77514577
1.77469611
1.77428377
1.77390921
1.77357209
1.77327251
1.77301049
1.77278590
1.77259898
1.77244949
1.77233756
1.77226329
1.77222621
1.77222693
1.77226496
1.77234077
1.77245378
1.77260435
1.77279234
1.77301776
1.77328074
1.77358103
1.77391851
1.77429366
1.77470589
1.77515554
1.77564251
1.77616668
1.77672803
1.77732670
1.77796245
1.77863538
1.77934515
1.78009224
1.78087628
1.78169739
1.78255534
1.78345025
1.78438199
1.78535056
1.78635585
1.78739786
1.78847659
1.78959191
1.79074383
1.79193234
1.79315710
1.79441845
1.79571605
1.79705000
1.79842019
1.79982662
1.80126905
1.80274749
1.80426204
1.80581248
1.80739868
1.80902076
1.81067848
1.81237185
1.81410086
1.81586528
1.81766510
1.81950033
1.82137072
1.82327640
1.82521713
1.82719290
1.82920349
1.83124900
1.83332932
1.83544421
1.83759379
1.83977783
1.84199631
1.84424889
1.84653592
1.84885705
1.85121202
1.85360110
1.85602391
1.85848045
1.86097062
1.86349440
1.86605144
1.86864197
1.87126553
1.87392223
1.87661195
1.87933445
1.88208985
1.88487780
1.88769829
1.89055133
1.89343655
1.89635396
1.89930344
1.90228486
1.90529811
1.90834296
1.91141963
1.91452754
1.91766679
1.92083728
1.92403889
1.92727125
1.93053448
1.93382847
1.93715298
1.94050789
1.94389307
1.94730830
1.95075369
1.95422876
1.95773363
1.96126807
1.96483183
1.96842504
1.97204733
1.97569871
1.97937870
1.98308754
1.98682487
1.99059069
1.99438465
1.99820673
2.00205684
2.00593472
2.00984025
2.01377320
2.01773334
2.02172065
2.02573514
2.02977633
2.03384423
2.03793883
2.04205942
2.04620647
2.05037951
2.05457854
2.05880284
2.06305289
2.06732845
2.07162881
2.07595444
2.08030486
2.08468008
2.08907962
2.09350348
2.09795141
2.10242319
2.10691905
2.11143827
2.11598110
2.12054706
2.12513614
2.12974787
2.13438249
2.13903952
2.14371896
2.14842057
2.15314388
2.15788937
2.16265607
2.16744423
2.17225361
2.17708397
2.18193531
2.18680692
2.19169927
2.19661188
2.20154428
2.20649672
2.21146846
2.21645999
2.22147059
2.22650051
2.23154902
2.23661613
2.24170184
2.24680591
2.25192785
2.25706768
2.26222515
2.26740003
2.27259207
2.27780128
2.28302717
2.28826976
2.29352880
2.29880404
2.30409527
2.30940223
2.31472468
2.32006264
2.32541561
2.33078361
2.33616638
2.34156370
2.34697533
2.35240078
2.35784030
2.36329341
2.36876011
2.37423992
2.37973285
2.38523841
2.39075661
2.39628696
2.40182996
2.40738440
2.41295075
2.41852856
2.42411757
2.42971778
2.43532872
2.44095039
2.44658232
2.45222425
2.45787644
2.46353817
2.46920943
2.47488999
2.48057938
2.48627782
2.49198461
2.49769998
2.50342345
2.50915480
2.51489401
2.52064061
2.52639437
2.53215504
2.53792262
2.54369688
2.54947710
2.55526376
2.56105638
2.56685448
2.57265782
2.57846665
2.58428025
2.59009862
2.59592175
2.60174870
2.60757995
2.61341500
2.61925364
2.62509561
2.63094068
2.63678885
2.64263940
2.64849257
2.65434790
2.66020513
2.66606426
2.67192483
2.67778659
2.68364930
2.68951297
2.69537735
2.70124197
2.70710683
2.71297145
2.71883583
2.72469950
2.73056245
2.73642421
2.74228525
2.74814415
2.75400186
2.75985742
2.76571059
2.77156138
2.77740979
2.78325510
2.78909755
2.79493642
2.80077195
2.80660343
2.81243086
2.81825447
2.82407331
2.82988739
2.83569646
2.84150052
2.84729910
2.85309219
2.85887933
2.86466050
2.87043524
2.87620354
2.88196492
2.88771915
2.89346647
2.89920640
2.90493846
2.91066265
2.91637874
2.92208648
2.92778563
2.93347597
2.93915749
2.94482946
2.95049191
2.95614505
2.96178770
2.96742082
2.97304320
2.97865510
2.98425603
2.98984623
2.99542499
3.00099230
3.00654793
3.01209164
3.01762319
3.02314258
3.02864909
3.03414297
3.03962398
3.04509139
3.05054569
3.05598640
3.06141305
3.06682563
3.07222414
3.07760787
3.08297682
3.08833098
3.09366989
3.09899378
3.10430169
3.10959411
3.11487031
3.12013054
3.12537432
3.13060141
3.13581181
3.14100480
3.14618087
3.15133953
3.15648031
3.16160345
3.16670847
3.17179537
3.17686367
3.18191314
3.18694401
3.19195580
3.19694829
3.20192122
3.20687485
3.21180820
3.21672177
3.22161484
3.22648787
3.23133993
3.23617101
3.24098158
3.24577069
3.25053835
3.25528455
3.26000881
3.26471114
3.26939154
3.27404928
3.27868462
3.28329730
3.28788710
3.29245377
3.29699707
3.30151725
3.30601335
3.31048584
3.31493449
3.31935883
3.32375908
3.32813430
3.33248520
3.33681130
3.34111214
3.34538794
3.34963822
3.35386300
3.35806203
3.36223531
3.36638236
3.37050319
3.37459779
3.37866569
3.38270688
3.38672137
3.39070845
3.39466858
3.39860129
3.40250659
3.40638423
3.41023374
3.41405535
3.41784906
3.42161393
3.42535090
3.42905903
3.43273830
3.43638897
3.44001031
3.44360256
3.44716549
3.45069885
3.45420265
3.45767665
3.46112084
3.46453452
3.46791863
3.47127199
3.47459507
3.47788739
3.48114896
3.48437977
3.48757935
3.49074817
3.49388528
3.49699140
3.50006557
3.50310826
3.50611949
3.50909853
3.51204538
3.51496029
3.51784301
3.52069330
3.52351093
3.52629614
3.52904820
3.53176785
3.53445411
3.53710771
3.53972793
3.54231501
3.54486823
3.54738855
3.54987478
3.55232763
3.55474639
3.55713129
3.55948210
3.56179881
3.56408143
3.56632948
3.56854343
3.57072282
3.57286739
3.57497716
3.57705235
3.57909250
3.58109808
3.58306837
3.58500314
3.58690333
3.58876777
3.59059715
3.59239078
3.59414887
3.59587169
3.59755826
3.59920955
3.60082483
3.60240412
3.60394740
3.60545492
3.60692596
3.60836101
3.60975981
3.61112213
3.61244822
3.61373758
3.61499071
3.61620736
3.61738729
3.61853051
3.61963701
3.62070656
3.62173963
3.62273550
3.62369466
3.62461686
3.62550187
3.62634993
3.62716079
3.62793469
3.62867117
3.62937045
3.63003278
3.63065743
3.63124490
3.63179517
3.63230777
3.63278294
3.63322091
3.63362122
3.63398385
3.63430905
3.63459682
3.63484693
3.63505936
3.63523436
3.63537169
3.63547134
3.63553309
3.63555741
3.63554382
3.63549280
3.63540363
3.63527727
3.63511276
3.63491058
3.63467073
3.63439322
3.63407803
3.63372493
3.63333392
3.63290572
3.63243914
3.63193536
3.63139367
3.63081431
3.63019705
3.62954235
3.62884974
3.62811971
3.62735176
3.62654662
3.62570357
3.62482285
3.62390471
3.62294912
3.62195611
3.62092543
3.61985707
3.61875153
3.61760855
3.61642838
3.61521077
3.61395574
3.61266351
3.61133409
3.60996723
3.60856366
3.60712266
3.60564494
3.60412979
3.60257769
3.60098886
3.59936309
3.59770083
3.59600139
3.59426546
3.59249258
3.59068322
3.58883715
3.58695483
3.58503604
3.58308101
3.58108950
3.57906151
3.57699752
3.57489729
3.57276130
3.57058930
3.56838131
3.56613731
3.56385779
3.56154227
3.55919147
3.55680490
3.55438304
3.55192566
3.54943275
3.54690528
3.54434228
3.54174399
3.53911114
3.53644323
3.53374052
3.53100324
3.52823138
3.52542472
3.52258396
3.51970887
3.51679945
3.51385593
3.51087832
3.50786686
3.50482130
3.50174260
3.49862957
3.49548364
3.49230409
3.48909116
3.48584509
3.48256612
3.47925401
3.47590923
3.47253156
3.46912122
3.46567845
3.46220326
3.45869565
3.45515633
3.45158482
3.44798112
3.44434595
3.44067907
3.43698049
3.43325090
3.42948961
3.42569757
3.42187428
3.41802025
3.41413546
3.41022015
3.40627432
3.40229774
3.39829159
3.39425516
3.39018869
3.38609266
3.38196659
3.37781143
3.37362695
3.36941314
3.36517024
3.36089849
3.35659814
3.35226893
3.34791160
3.34352589
3.33911180
3.33467007
3.33020020
3.32570267
3.32117772
3.31662536
3.31204605
3.30743957
3.30280614
3.29814601
3.29345918
3.28874612
3.28400707
3.27924180
3.27445054
3.26963353
3.26479125
3.25992346
3.25503039
3.25011230
3.24516940
3.24020219
3.23520994
3.23019338
3.22515297
3.22008848
3.21500015
3.20988822
3.20475292
3.19959426
3.19441247
3.18920803
3.18398094
3.17873120
3.17345881
3.16816473
3.16284871
3.15751076
3.15215111
3.14677024
3.14136791
3.13594484
3.13050103
3.12503648
3.11955166
3.11404634
3.10852122
3.10297608
3.09741139
3.09182715
3.08622384
3.08060145
3.07496023
3.06930041
3.06362176
3.05792546
3.05221057
3.04647827
3.04072809
3.03496075
3.02917600
3.02337408
3.01755571
3.01172042
3.00586891
3.00000095
2.99411750
2.98821807
2.98230290
2.97637248
2.97042704
2.96446681
2.95849180
2.95250201
2.94649816
2.94048023
2.93444824
2.92840290
2.92234421
2.91627192
2.91018701
2.90408945
2.89797878
2.89185619
2.88572145
2.87957478
2.87341642
2.86724663
2.86106539
2.85487342
2.84867048
2.84245706
2.83623314
2.82999945
2.82375550
2.81750202
2.81123924
2.80496693
2.79868579
2.79239583
2.78609729
2.77979040
2.77347541
2.76715255
2.76082206
2.75448418
2.74813914
2.74178720
2.73542809
2.72906280
2.72269106
2.71631336
2.70992970
2.70354056
2.69714594
2.69074631
2.68434191
2.67793250
2.67151856
2.66510081
2.65867877
2.65225291
2.64582372
2.63939095
2.63295531
2.62651658
2.62007546
2.61363196
2.60718632
2.60073853
2.59428930
2.58783817
2.58138609
2.57493305
2.56847954
2.56202507
2.55557013
2.54911542
2.54266071
2.53620648
2.52975297
2.52330017
2.51684833
2.51039791
2.50394917
2.49750185
2.49105668
2.48461390
2.47817349
2.47173572
2.46530080
2.45886922
2.45244098
2.44601607
2.43959522
2.43317842
2.42676592
2.42035794
2.41395473
2.40755653
2.40116358
2.39477587
2.38839412
2.38201809
2.37564826
2.36928487
2.36292791
2.35657763
2.35023475
2.34389877
2.33757067
2.33124995
2.32493734
2.31863284
2.31233668
2.30604935
2.29977059
2.29350114
2.28724074
2.28098989
2.27474904
2.26851797
2.26229715
2.25608659
2.24988675
2.24369788
2.23751974
2.23135328
2.22519827
2.21905494
2.21292329
2.20680404
2.20069718
2.19460297
2.18852139
2.18245316
2.17639804
2.17035627
2.16432834
2.15831423
2.15231419
2.14632869
2.14035749
2.13440108
2.12845969
2.12253356
2.11662269
2.11072731
2.10484815
2.09898472
2.09313750
2.08730674
2.08149266
2.07569551
2.06991529
2.06415224
2.05840683
2.05267906
2.04696918
2.04127741
2.03560376
2.02994871
2.02431226
2.01869488
2.01309633
2.00751710
2.00195765
1.99641752
1.99089742
1.98539734
1.97991753
1.97445822
1.96901941
1.96360159
1.95820475
1.95282912
1.94747496
1.94214225
1.93683147
1.93154263
1.92627597
1.92103171
1.91580987
1.91061080
1.90543461
1.90028155
1.89515185
1.89004552
1.88496268
1.87990379
1.87486887
1.86985815
1.86487162
1.85990977
1.85497260
1.85006011
1.84517288
1.84031069
1.83547401
1.83066285
1.82587743
1.82111764
1.81638420
1.81167686
1.80699587
1.80234158
1.79771399
1.79311311
1.78853929
1.78399277
1.77947354
1.77498186
1.77051771
1.76608145
1.76167321
1.75729311
1.75294125
1.74861789
1.74432302
1.74005699
1.73581970
1.73161149
1.72743249
1.72328281
1.71916258
1.71507192
1.71101105
1.70697999
1.70297909
1.69900835
1.69506776
1.69115770
1.68727827
1.68342948
1.67961168
1.67582464
1.67206872
1.66834414
1.66465092
1.66098905
1.65735900
1.65376043
1.65019393
1.64665926
1.64315677
1.63968647
1.63624847
1.63284302
1.62947011
1.62612987
1.62282240
1.61954796
1.61630642
1.61309803
1.60992289
1.60678113
1.60367274
1.60059798
1.59755683
1.59454954
1.59157598
1.58863640
1.58573091
1.58285952
1.58002257
1.57721984
1.57445157
1.57171774
1.56901872
1.56635416
1.56372452
1.56112993
1.55857015
1.55604541
1.55355573
1.55110145
1.54868245
1.54629874
1.54395056
1.54163778
1.53936064
1.53711939
1.53491354
1.53274381
1.53060985
1.52851176
1.52644980
1.52442396
1.52243412
1.52048063
1.51856339
1.51668251
1.51483798
1.51302993
1.51125836
1.50952339
1.50782490
1.50616324
1.50453818
1.50294995
1.50139856
1.49988389
1.49840617
1.49696541
1.49556172
1.49419498
1.49286520
1.49157274
1.49031723
1.48909903
1.48791790
1.48677409
1.48566747
1.48459828
1.48356628
1.48257172
1.48161447
1.48069477
1.47981226
1.47896731
1.47815979
1.47738981
1.47665727
1.47596228
1.47530472
1.47468483
1.47410238
1.47355759
1.47305012
1.47258043
1.47214842
1.47175372
1.47139668
1.47107732
1.47079551
1.47055113
1.47034442
1.47017550
1.47004378
1.46994984
1.46989334
1.46987450
1.46989298
1.46994913
1.47004271
1.47017384
1.47034240
1.47054839
1.47079170
1.47107255
1.47139072
1.47174621
1.47213912
1.47256935
1.47303677
1.47354138
1.47408330
1.47466230
1.47527850
1.47593176
1.47662210
1.47734952
1.47811389
1.47891521
1.47975349
1.48062849
1.48154044
1.48248911
1.48347437
1.48449647
1.48555505
1.48665035
1.48778200
1.48895025
1.49015474
1.49139571
1.49267292
1.49398637
1.49533594
1.49672151
1.49814332
1.49960089
1.50109446
1.50262392
1.50418890
1.50578976
1.50742614
1.50909805
1.51080549
1.51254833
1.51432633
1.51613975
1.51798820
1.51987171
1.52179015
1.52374351
1.52573180
1.52775466
1.52981222
1.53190434
1.53403091
1.53619170
1.53838682
1.54061615
1.54287958
1.54517686
1.54750812
1.54987299
1.55227160
1.55470395
1.55716956
1.55966866
1.56220090
1.56476629
1.56736469
1.56999600
1.57266021
1.57535708
1.57808650
1.58084846
1.58364272
1.58646917
1.58932769
1.59221828
1.59514070
1.59809482
1.60108078
1.60409796
1.60714662
1.61022651
1.61333764
1.61647952
1.61965227
1.62285590
1.62609005
1.62935460
1.63264954
1.63597465
1.63932967
1.64271474
1.64612961
1.64957392
1.65304768
1.65655100
1.66008329
1.66364479
1.66723514
1.67085421
1.67450178
1.67817783
1.68188226
1.68561482
1.68937528
1.69316375
1.69697976
1.70082331
1.70469415
1.70859230
1.71251750
1.71646953
1.72044826
1.72445369
1.72848535
1.73254323
1.73662734
1.74073732
1.74487293
1.74903405
1.75322068
1.75743258
1.76166952
1.76593125
1.77021766
1.77452862
1.77886403
1.78322351
1.78760695
1.79201436
1.79644537
1.80089974
1.80537748
1.80987835
1.81440198
1.81894863
1.82351756
1.82810891
1.83272254
1.83735812
1.84201550
1.84669447
1.85139501
1.85611665
1.86085927
1.86562288
1.87040710
1.87521183
1.88003683
1.88488185
1.88974679
1.89463139
1.89953566
1.90445900
1.90940154
1.91436291
1.91934299
1.92434168
1.92935848
1.93439353
1.93944645
1.94451702
1.94960499
1.95471036
1.95983279
1.96497202
1.97012806
1.97530043
1.98048913
1.98569369
1.99091434
1.99615037
2.00140190
2.00666857
2.01195025
2.01724696
2.02255797
2.02788329
2.03322291
2.03857636
2.04394341
2.04932404
2.05471802
2.06012511
2.06554484
2.07097721
2.07642198
2.08187914
2.08734822
2.09282899
2.09832120
2.10382485
2.10933948
2.11486506
2.12040138
2.12594795
2.13150477
2.13707161
2.14264822
2.14823437
2.15382981
2.15943432
2.16504765
2.17066979
2.17630029
2.18193889
2.18758559
2.19323993
2.19890165
2.20457077
2.21024704
2.21593022
2.22161984
2.22731566
2.23301792
2.23872614
2.24444008
2.25015926
2.25588369
2.26161313
2.26734757
2.27308631
2.27882957
2.28457665
2.29032803
2.29608274
2.30184078
2.30760217
2.31336641
2.31913328
2.32490277
2.33067465
2.33644843
2.34222388
2.34800100
2.35377932
2.35955882
2.36533928
2.37112045
2.37690187
2.38268352
2.38846493
2.39424634
2.40002680
2.40580702
2.41158581
2.41736388
2.42314005
2.42891502
2.43468785
2.44045830
2.44622660
2.45199227
2.45775509
2.46351504
2.46927142
2.47502470
2.48077393
2.48651910
2.49226022
2.49799705
2.50372887
2.50945592
2.51517773
2.52089453
2.52660561
2.53231072
2.53801012
2.54370284
2.54938960
2.55506921
2.56074190
2.56640744
2.57206583
2.57771635
2.58335900
2.58899355
2.59461999
2.60023785
2.60584688
2.61144710
2.61703777
2.62261939
2.62819123
2.63375306
2.63930488
2.64484644
2.65037751
2.65589762
2.66140699
2.66690493
2.67239165
2.67786670
2.68332982
2.68878055
2.69421959
2.69964552
2.70505905
2.71045947
2.71584678
2.72122073
2.72658110
2.73192763
2.73726034
2.74257851
2.74788213
2.75317121
2.75844550
2.76370478
2.76894855
2.77417684
2.77938938
2.78458595
2.78976655
2.79493070
2.80007815
2.80520916
2.81032276
2.81541944
2.82049870
2.82556009
2.83060408
2.83562994
2.84063768
2.84562683
2.85059738
2.85554910
2.86048174
2.86539555
2.87028980
2.87516427
2.88001895
2.88485384
2.88966823
2.89446259
2.89923596
2.90398884
2.90872073
2.91343141
2.91812086
2.92278862
2.92743468
2.93205881
2.93666101
2.94124055
2.94579792
2.95033240
2.95484424
2.95933294
2.96379852
2.96824074
2.97265911
2.97705388
2.98142481
2.98577166
2.99009418
2.99439192
2.99866533
3.00291395
3.00713730
3.01133585
3.01550889
3.01965642
3.02377820
3.02787447
3.03194427
3.03598809
3.04000568
3.04399657
3.04796100
3.05189848
3.05580878
3.05969214
3.06354833
3.06737685
3.07117772
3.07495070
3.07869601
3.08241296
3.08610177
3.08976221
3.09339404
3.09699726
3.10057139
3.10411692
3.10763288
3.11111975
3.11457705
3.11800504
3.12140298
3.12477112
3.12810922
3.13141751
3.13469505
3.13794255
3.14115930
3.14434528
3.14750051
3.15062475
3.15371799
3.15677977
3.15981054
3.16280961
3.16577697
3.16871309
3.17161703
3.17448878
3.17732859
3.18013644
3.18291163
3.18565440
3.18836474
3.19104218
3.19368696
3.19629884
3.19887757
3.20142341
3.20393562
3.20641470
3.20886040
3.21127224
3.21365070
3.21599531
3.21830606
3.22058272
3.22282529
3.22503376
3.22720790
3.22934771
3.23145318
3.23352385
3.23555994
3.23756146
3.23952770
3.24145961
3.24335623
3.24521756
3.24704409
3.24883509
3.25059104
3.25231123
3.25399613
3.25564551
3.25725889
3.25883698
3.26037908
3.26188517
3.26335549
3.26479006
3.26618838
3.26755047
3.26887631
3.27016592
3.27141929
3.27263594
3.27381659
3.27496052
3.27606797
3.27713871
3.27817273
3.27917004
3.28013062
3.28105426
3.28194118
3.28279138
3.28360415
3.28438020
3.28511906
3.28582096
3.28648543
3.28711295
3.28770328
3.28825641
3.28877211
3.28925061
3.28969145
3.29009533
3.29046154
3.29079032
3.29108167
3.29133558
3.29155183
3.29173088
3.29187202
3.29197574
3.29204202
3.29207063
3.29206133
3.29201460
3.29193020
3.29180813
3.29164839
3.29145122
3.29121590
3.29094315
3.29063272
3.29028463
3.28989887
3.28947520
3.28901410
3.28851533
3.28797865
3.28740454
3.28679252
3.28614306
3.28545570
3.28473091
3.28396845
3.28316832
3.28233051
3.28145528
3.28054261
3.27959228
3.27860451
3.27757907
3.27651644
3.27541614
3.27427840
3.27310348
3.27189112
3.27064157
3.26935458
3.26803017
3.26666880
3.26527023
3.26383448
3.26236176
3.26085186
3.25930500
3.25772095
3.25610018
3.25444269
3.25274801
3.25101709
3.24924898
3.24744439
3.24560308
3.24372530
3.24181080
3.23986030
3.23787308
3.23584962
3.23378992
3.23169374
3.22956181
3.22739339
3.22518921
3.22294927
3.22067332
3.21836162
3.21601415
3.21363115
3.21121240
3.20875835
3.20626879
3.20374370
3.20118356
3.19858837
3.19595814
3.19329262
3.19059229
3.18785715
3.18508744
3.18228292
3.17944384
3.17657018
3.17366242
3.17072034
3.16774392
3.16473365
3.16168928
3.15861106
3.15549898
3.15235353
3.14917397
3.14596152
3.14271545
3.13943601
3.13612366
3.13277841
3.12939978
3.12598896
3.12254500
3.11906862
3.11555982
3.11201859
3.10844493
3.10483980
3.10120225
3.09753275
3.09383178
3.09009933
3.08633518
3.08254004
3.07871318
3.07485557
3.07096672
3.06704736
3.06309724
3.05911660
3.05510545
3.05106378
3.04699230
3.04289079
3.03875947
3.03459835
3.03040743
3.02618742
3.02193809
3.01765943
3.01335192
3.00901556
3.00465035
3.00025678
2.99583483
2.99138451
2.98690605
2.98239994
2.97786593
2.97330403
2.96871495
2.96409845
2.95945501
2.95478439
2.95008707
2.94536281
2.94061232
2.93583536
2.93103242
2.92620325
2.92134833
2.91646791
2.91156197
2.90663052
2.90167403
2.89669275
2.89168644
2.88665557
2.88160014
2.87652063
2.87141681
2.86628914
2.86113787
2.85596275
2.85076451
2.84554315
2.84029841
2.83503127
2.82974124
2.82442880
2.81909394
2.81373715
2.80835867
2.80295801
2.79753613
2.79209280
2.78662825
2.78114295
2.77563691
2.77010989
2.76456308
2.75899553
2.75340867
2.74780154
2.74217486
2.73652864
2.73086357
2.72517943
2.71947646
2.71375489
2.70801497
2.70225692
2.69648051
2.69068670
2.68487525
2.67904639
2.67320037
2.66733742
2.66145778
2.65556121
2.64964867
2.64371991
2.63777518
2.63181496
2.62583899
2.61984777
2.61384153
2.60782051
2.60178471
2.59573460
2.58966994
2.58359146
2.57749915
2.57139325
2.56527424
2.55914187
2.55299664
2.54683876
2.54066801
2.53448558
2.52829075
2.52208400
2.51586556
2.50963593
2.50339484
2.49714327
2.49088049
2.48460746
2.47832394
2.47203064
2.46572733
2.45941424
2.45309210
2.44676042
2.44041991
2.43407083
2.42771316
2.42134690
2.41497302
2.40859127
2.40220165
2.39580464
2.38940096
2.38299012
2.37657237
2.37014818
2.36371779
2.35728168
2.35083938
2.34439158
2.33793879
2.33148074
2.32501793
2.31855011
2.31207800
2.30560207
2.29912186
2.29263783
2.28615046
2.27965999
2.27316618
2.26666975
2.26017094
2.25366974
2.24716616
2.24066067
2.23415375
2.22764540
2.22113585
2.21462512
2.20811415
2.20160246
2.19509029
2.18857813
2.18206644
2.17555499
2.16904426
2.16253448
2.15602589
2.14951849
2.14301276
2.13650870
2.13000679
2.12350726
2.11701012
2.11051583
2.10402441
2.09753633
2.09105158
2.08457041
2.07809329
2.07162023
2.06515145
2.05868745
2.05222797
2.04577374
2.03932476
2.03288102
2.02644324
2.02001143
2.01358581
2.00716662
2.00075388
1.99434817
1.98794961
1.98155820
1.97517443
1.96879840
1.96243048
1.95607054
1.94971919
1.94337654
1.93704283
1.93071806
1.92440271
1.91809690
1.91180098
1.90551507
1.89923942
1.89297414
1.88671958
1.88047588
1.87424326
1.86802208
1.86181247
1.85561466
1.84942877
1.84325516
1.83709407
1.83094549
1.82480979
1.81868732
1.81257808
1.80648232
1.80040038
1.79433239
1.78827846
1.78223908
1.77621412
1.77020395
1.76420891
1.75822914
1.75226486
1.74631608
1.74038327
1.73446643
1.72856593
1.72268188
1.71681464
1.71096408
1.70513082
1.69931483
1.69351649
1.68773556
1.68197274
1.67622817
1.67050171
1.66479385
1.65910482
1.65343463
1.64778364
1.64215195
1.63653982
1.63094735
1.62537491
1.61982238
1.61429036
1.60877883
1.60328794
1.59781790
1.59236908
1.58694136
1.58153534
1.57615077
1.57078803
1.56544745
1.56012905
1.55483317
1.54955971
1.54430902
1.53908134
1.53387678
1.52869570
1.52353799
1.51840389
1.51329374
1.50820768
1.50314569
1.49810815
1.49309528
1.48810709
1.48314381
1.47820556
1.47329259
1.46840513
1.46354330
1.45870721
1.45389688
1.44911277
1.44435513
1.43962359
1.43491888
1.43024099
1.42558980
1.42096579
1.41636908
1.41179979
1.40725803
1.40274382
1.39825773
1.39379954
1.38936961
1.38496792
1.38059485
1.37625039
1.37193465
1.36764777
1.36339009
1.35916150
1.35496247
1.35079288
1.34665298
1.34254289
1.33846271
1.33441257
1.33039272
1.32640314
1.32244408
1.31851566
1.31461811
1.31075144
1.30691564
1.30311108
1.29933786
1.29559600
1.29188561
1.28820705
1.28456008
1.28094506
1.27736223
1.27381146
1.27029300
1.26680672
1.26335323
1.25993216
1.25654399
1.25318861
1.24986625
1.24657679
1.24332070
1.24009776
1.23690844
1.23375237
1.23063004
1.22754145
1.22448659
1.22146571
1.21847880
1.21552598
1.21260738
1.20972323
1.20687342
1.20405793
1.20127726
1.19853115
1.19581974
1.19314325
1.19050181
1.18789530
1.18532383
1.18278766
1.18028677
1.17782116
1.17539096
1.17299640
1.17063725
1.16831386
1.16602623
1.16377425
1.16155827
1.15937829
1.15723419
1.15512633
1.15305448
1.15101886
1.14901948
1.14705646
1.14512992
1.14323974
1.14138603
1.13956892
1.13778841
1.13604450
1.13433743
1.13266706
1.13103354
1.12943697
1.12787712
1.12635434
1.12486851
1.12341976
1.12200809
1.12063348
1.11929619
1.11799586
1.11673295
1.11550713
1.11431873
1.11316764
1.11205387
1.11097741
1.10993850
1.10893691
1.10797286
1.10704613
1.10615695
1.10530543
1.10449123
1.10371470
1.10297585
1.10227430
1.10161066
1.10098433
1.10039580
1.09984469
1.09933138
1.09885573
1.09841764
1.09801710
1.09765434
1.09732914
1.09704149
1.09679151
1.09657931
1.09640455
1.09626758
1.09616804
1.09610617
1.09608173
1.09609509
1.09614587
1.09623420
1.09636009
1.09652352
1.09672415
1.09696257
1.09723818
1.09755135
1.09790182
1.09828973
1.09871483
1.09917736
1.09967709
1.10021400
1.10078812
1.10139942
1.10204792
1.10273337
1.10345590
1.10421550
1.10501206
1.10584545
1.10671580
1.10762286
1.10856676
1.10954738
1.11056459
1.11161864
1.11270905
1.11383605
1.11499941
1.11619914
1.11743534
1.11870790
1.12001646
1.12136114
1.12274218
1.12415898
1.12561178
1.12710059
1.12862504
1.13018537
1.13178122
1.13341272
1.13507986
1.13678229
1.13852000
1.14029324
1.14210153
1.14394498
1.14582336
1.14773679
1.14968503
1.15166807
1.15368581
1.15573812
1.15782487
1.15994608
1.16210163
1.16429138
1.16651523
1.16877317
1.17106497
1.17339063
1.17575002
1.17814302
1.18056953
1.18302941
1.18552268
1.18804908
1.19060850
1.19320095
1.19582629
1.19848442
1.20117509
1.20389843
1.20665407
1.20944190
1.21226203
1.21511412
1.21799827
1.22091401
1.22386158
1.22684073
1.22985113
1.23289299
1.23596597
1.23906982
1.24220467
1.24537039
1.24856675
1.25179350
1.25505078
1.25833809
1.26165569
1.26500309
1.26838040
1.27178729
1.27522373
1.27868962
1.28218472
1.28570902
1.28926218
1.29284418
1.29645467
1.30009377
1.30376124
1.30745685
1.31118047
1.31493223
1.31871152
1.32251835
1.32635260
1.33021426
1.33410299
1.33801854
1.34196079
1.34592986
1.34992528
1.35394704
1.35799503
1.36206877
1.36616838
1.37029350
1.37444425
1.37862015
1.38282120
1.38704729
1.39129794
1.39557326
1.39987302
1.40419698
1.40854490
1.41291690
1.41731250
1.42173159
1.42617404
1.43063962
1.43512821
1.43963969
1.44417357
1.44872999
1.45330858
1.45790935
1.46253192
1.46717620
1.47184193
1.47652888
1.48123693
1.48596609
1.49071574
1.49548602
1.50027668
1.50508738
1.50991809
1.51476848
1.51963842
1.52452767
1.52943623
1.53436363
1.53930974
1.54427457
1.54925764
1.55425882
1.55927813
1.56431496
1.56936944
1.57444119
1.57953024
1.58463597
1.58975852
1.59489775
1.60005307
1.60522449
1.61041188
1.61561489
1.62083340
1.62606716
1.63131595
1.63657963
1.64185786
1.64715052
1.65245736
1.65777814
1.66311264
1.66846073
1.67382216
1.67919683
1.68458426
1.68998432
1.69539690
1.70082188
1.70625865
1.71170735
1.71716762
1.72263920
1.72812212
1.73361576
1.73912024
1.74463499
1.75016022
1.75569534
1.76124048
1.76679504
1.77235913
1.77793217
1.78351414
1.78910494
1.79470420
1.80031157
1.80592716
1.81155038
1.81718123
1.82281935
1.82846475
1.83411694
1.83977580
1.84544098
1.85111248
1.85679007
1.86247337
1.86816204
1.87385607
1.87955523
1.88525915
1.89096773
1.89668059
1.90239763
1.90811884
1.91384351
1.91957164
1.92530298
1.93103743
1.93677449
1.94251418
1.94825625
1.95400035
1.95974624
1.96549380
1.97124267
1.97699273
1.98274374
1.98849547
1.99424756
