0.00000000
0.00000000
0.00000000
0.00000000
0.00000000
0.00000000
0.00000000
0.00000000
0.00000000
0.00000000
0.00000000
0.00000000
0.00000000
0.00000000
0.00000000
0.00000000
0.00000000
0.00000000
0.00000000
0.00000000
0.00000000
0.00000000
0.00000000
0.00000000
0.00000000
0.00000000
0.00000000
0.00000000
0.00000000
0.00000000
0.00000000
0.00000000
0.00000000
0.00000000
0.00000000
0.00000000
0.00000000
0.00000000
0.00000000
0.00000000
0.00000000
0.00000000
0.00000000
0.00000000
0.00000000
0.00000000
0.00000000
0.00000000
0.00000000
0.00000000
0.00000000
0.00000000
0.00000000
0.00000000
0.00000000
0.00000000
0.00000000
0.00000000
0.00000000
0.00000000
0.00000000
0.00000000
0.00000000
0.00000000
0.00000000
0.00000000
0.00000000
0.00000000
0.00000000
0.00000000
0.00000000
0.00000000
0.00000000
0.00000000
0.00000000
0.00000000
0.00000000
0.00000000
0.00000000
0.00000000
0.00000000
0.00000000
0.00000000
0.00000000
0.00000000
0.00000000
0.00000000
0.00000000
0.00000000
0.00000000
0.00000000
0.00000000
0.00000000
0.00000000
0.00000000
0.00000000
0.00000000
0.00000000
0.00000000
0.00000000
0.00000000
0.00000000
0.00000000
0.00000000
0.00000000
0.00000000
0.00000000
0.00000000
0.00000000
0.00000000
0.00000000
0.00000000
0.00000000
0.00000000
0.00000000
0.00000000
0.00000000
0.00000000
0.00000000
0.00000000
0.00000000
0.00000000
0.00000000
0.00000000
0.00000000
0.00000000
0.00000000
0.00000000
0.00000000
0.00000007
0.00000001
0.00000060
0.00000346
0.00000563
0.00000545
0.00001115
0.00002444
0.00003026
0.00002912
0.00004714
0.00008047
0.00008780
0.00008167
0.00013281
0.00021533
0.00017540
-0.00003972
-0.00026135
-0.00033822
-0.00034496
-0.00040828
-0.00049429
-0.00053321
-0.00058120
-0.00068716
-0.00077423
-0.00080754
-0.00088485
-0.00102948
-0.00112255
-0.00115181
-0.00125790
-0.00144145
-0.00153878
-0.00156113
-0.00169535
-0.00191577
-0.00200945
-0.00201622
-0.00217507
-0.00242932
-0.00251155
-0.00249595
-0.00267891
-0.00296559
-0.00302775
-0.00298168
-0.00318821
-0.00350607
-0.00353848
-0.00345297
-0.00368358
-0.00403270
-0.00402530
-0.00389107
-0.00414861
-0.00453218
-0.00447542
-0.00428348
-0.00457513
-0.00500192
-0.00488765
-0.00462974
-0.00497002
-0.00545860
-0.00528175
-0.00495129
-0.00536770
-0.00595443
-0.00571565
-0.00530897
-0.00585370
-0.00661106
-0.00632599
-0.00584995
-0.00663111
-0.00771023
-0.00742031
-0.00689108
-0.00814075
-0.00989166
-0.00970757
-0.00917485
-0.01157077
-0.01514014
-0.01548878
-0.01519021
-0.02285317
-0.03924035
-0.05189128
-0.04952601
-0.03643761
-0.02586083
-0.02292529
-0.02176125
-0.01746477
-0.01253113
-0.01030674
-0.00912390
-0.00617004
-0.00245700
-0.00032938
0.00088878
0.00329558
0.00650432
0.00861335
0.00979976
0.01183381
0.01470942
0.01674557
0.01781514
0.01957232
0.02230076
0.02438454
0.02542235
0.02703014
0.02972773
0.03188597
0.03287812
0.03436929
0.03709198
0.03932999
0.04025017
0.04163877
0.04442834
0.04674522
0.04755956
0.04885203
0.05175098
0.05414999
0.05482259
0.05602882
0.05909861
0.06159118
0.06207439
0.06320670
0.06652877
0.06912895
0.06936027
0.07043881
0.07412495
0.07684637
0.07673047
0.07777711
0.08197022
0.08478740
0.08413621
0.08521120
0.09027203
0.09335204
0.09208618
0.09353845
0.10030028
0.10394554
0.10173646
0.10428650
0.11489657
0.11991148
0.11553400
0.12232186
0.14881998
0.16156495
0.12473922
0.05667210
0.01048825
0.00475816
0.00994931
0.00204538
-0.00880185
-0.00934609
-0.00757512
-0.01275705
-0.01823362
-0.01759662
-0.01714975
-0.02150457
-0.02464378
-0.02346305
-0.02393189
-0.02798181
-0.02967911
-0.02814846
-0.02933219
-0.03310971
-0.03346779
-0.03146256
-0.03322011
-0.03681671
-0.03605546
-0.03378253
-0.03632437
-0.03994172
-0.03822104
-0.03588012
-0.03947521
-0.04331327
-0.04074900
-0.03857626
-0.04359397
-0.04789234
-0.04459010
-0.04288585
-0.04981085
-0.05482351
-0.05082126
-0.04992549
-0.05940226
-0.06547110
-0.06082526
-0.06126225
-0.07426728
-0.08189910
-0.07667374
-0.07923011
-0.09726737
-0.10723643
-0.10150247
-0.10744681
-0.13302068
-0.14664015
-0.14052622
-0.15218753
-0.19000140
-0.20977053
-0.20342633
-0.22560044
-0.28599051
-0.31764331
-0.31129178
-0.35727945
-0.47214985
-0.53558594
-0.52988005
-0.67309552
-1.10112178
-1.54523194
-1.59894800
-1.25552666
-0.90396410
-0.79297298
-0.78273821
-0.68140662
-0.54153597
-0.48737481
-0.47652829
-0.40853354
-0.31500584
-0.27703190
-0.26581946
-0.21096446
-0.13782769
-0.10765565
-0.09628154
-0.04851847
0.01293790
0.03823482
0.04950792
0.09279217
0.14677946
0.16898812
0.18046682
0.22101787
0.27000585
0.29012084
0.30188245
0.34063250
0.38606825
0.40469041
0.41677248
0.45432779
0.49719101
0.51475155
0.52720702
0.56405973
0.60519058
0.62218195
0.63519901
0.67180169
0.71183336
0.72850692
0.74202150
0.77857900
0.81799835
0.83457804
0.84852242
0.88523895
0.92458183
0.94133192
0.95560622
0.99270809
1.03268921
1.05002105
1.06452096
1.10236788
1.14409101
1.16252625
1.17671967
1.21556044
1.26088631
1.28136003
1.29401100
1.33454299
1.38862467
1.41403425
1.42091095
1.46611476
1.55592978
1.60714281
1.53877211
1.37905836
1.24570918
1.21912897
1.26416755
1.29399621
1.28432000
1.28281844
1.31644678
1.35007918
1.35487270
1.35842979
1.38976240
1.42517567
1.43522739
1.44095981
1.47194338
1.50862205
1.52113414
1.52807486
1.55957818
1.59759796
1.61179125
1.62008798
1.65313065
1.69284189
1.70820856
1.71762943
1.75249290
1.79386365
1.80991387
1.82026970
1.85723603
1.90032768
1.91670835
1.92788005
1.96726966
2.01218963
2.02855206
2.04042125
2.08269334
2.12985182
2.14624238
2.15919805
2.20539498
2.25558162
2.27205873
2.28642583
2.33775139
2.39193821
2.40853834
2.42478967
2.48306489
2.54277515
2.55959678
2.57852864
2.64680576
2.71469784
2.73200130
2.75507641
2.83894372
2.91997838
2.93807912
2.96811795
3.07966089
3.18527484
3.20491600
3.24960613
3.42506003
3.59375477
3.61720514
3.71540046
4.21188164
4.94447851
5.33139610
5.11328030
4.67145443
4.46333933
4.47293901
4.43187380
4.29758358
4.22417688
4.23527479
4.21424389
4.14063311
4.10275888
4.11355686
4.10004234
4.05237913
4.03072691
4.04094601
4.03129864
3.99807978
3.98560262
3.99512696
3.98775744
3.96377420
3.95716810
3.96602416
3.96020961
3.94276738
3.94026065
3.94847202
3.94379210
3.93129635
3.93181515
3.93938446
3.93557525
3.92704129
3.92991352
3.93684411
3.93381882
3.92888284
3.93417931
3.94112539
3.93942046
3.93813014
3.94568586
3.95244336
3.95169997
3.95359302
3.96302104
3.96926284
3.96917725
3.97403550
3.98509860
3.99042201
3.99067116
3.99848795
4.01106310
4.01488018
4.01513958
4.02647638
4.04099751
4.04270935
4.04282188
4.05926323
4.07672405
4.07458496
4.07386065
4.09974146
4.12323904
4.11144018
4.10758352
4.16489363
4.21520662
4.12265730
3.88791490
3.68216610
3.63164139
3.67232132
3.67929268
3.64243984
3.62899232
3.64746046
3.64978933
3.62878513
3.62164044
3.63386440
3.63471699
3.61968923
3.61490035
3.62398267
3.62410426
3.61219621
3.60852194
3.61570525
3.61547709
3.60547495
3.60229325
3.60806775
3.60753798
3.59867954
3.59561753
3.60032225
3.59961414
3.59151459
3.58840346
3.59231806
3.59155607
3.58397675
3.58072209
3.58408523
3.58339047
3.57615185
3.57267070
3.57568407
3.57521391
3.56828833
3.56470942
3.56779790
3.56790209
3.56136227
3.55782771
3.56141567
3.56245708
3.55638433
3.55307508
3.55772090
3.56022000
3.55477619
3.55200815
3.55866408
3.56381178
3.56002760
3.55932736
3.57050824
3.58050990
3.57909608
3.58108902
3.59910131
3.61640501
3.61774921
3.62380672
3.65569210
3.68879580
3.69477057
3.71164179
3.80193543
3.93824601
4.00601959
3.94743109
3.83753562
3.77836108
3.77485609
3.76687884
3.73601103
3.71466231
3.71445084
3.71083975
3.69401217
3.68249750
3.68357444
3.68175793
3.67105436
3.66437101
3.66630220
3.66555977
3.65845513
3.65482187
3.65740085
3.65737224
3.65267849
3.65118456
3.65423441
3.65469456
3.65178823
3.65194535
3.65535450
3.65615797
3.65466642
3.65616703
3.65983176
3.66085935
3.66054082
3.66317940
3.66699839
3.66813660
3.66879225
3.67231011
3.67597198
3.67685723
3.67815018
3.68230510
3.68564272
3.68618655
3.68812656
3.69292974
3.69585228
3.69596529
3.69860768
3.70411253
3.70647144
3.70600057
3.70944929
3.71573949
3.71723557
3.71589279
3.72043419
3.72791219
3.72833037
3.72593307
3.73244715
3.74202299
3.74060011
3.73625422
3.74662709
3.76057172
3.75455308
3.74473381
3.76741385
3.79881930
3.75959325
3.62934327
3.49708128
3.45271659
3.47709584
3.49139166
3.47332072
3.46147490
3.47167206
3.47730684
3.46645784
3.45969129
3.46627474
3.46920490
3.46102524
3.45631218
3.46115637
3.46270990
3.45591474
3.45228529
3.45605421
3.45674706
3.45078611
3.44777727
3.45073557
3.45075798
3.44528055
3.44259024
3.44485283
3.44429731
3.43908286
3.43651366
3.43813729
3.43704748
3.43193364
3.42933464
3.43034196
3.42873478
3.42359281
3.42089653
3.42144966
3.41958833
3.41468644
3.41216636
3.41253209
3.41058350
3.40591145
3.40351152
3.40370941
3.40169644
3.39721060
3.39488363
3.39493179
3.39288354
3.38854766
3.38624907
3.38615441
3.38401246
3.37953568
3.37676692
3.37601566
3.37336040
3.36842322
3.36507201
3.36389136
3.36112189
3.35594654
3.35213757
3.35106134
3.34908056
3.34411049
3.34002161
3.34158587
3.34746814
3.35055971
3.34490871
3.33173275
3.31823349
3.30984616
3.30472827
3.29783702
3.28870678
3.28108025
3.27579618
3.26955891
3.26123643
3.25373983
3.24826813
3.24211693
3.23402643
3.22651649
3.22083044
3.21454954
3.20641232
3.19870234
3.19263411
3.18601918
3.17770934
3.16985369
3.16357136
3.15678406
3.14842892
3.14054275
3.13414502
3.12725329
3.11890316
3.11104345
3.10458994
3.09763718
3.08932328
3.08152032
3.07503653
3.06802964
3.05974102
3.05198908
3.04549050
3.03846502
3.03024983
3.02260494
3.01614690
3.00914502
3.00102663
2.99350715
2.98711443
2.98015094
2.97213054
2.96473718
2.95841622
2.95148873
2.94354153
2.93624854
2.92998934
2.92308664
2.91519713
2.90802574
2.90188885
2.89503980
2.88717604
2.88011479
2.87414646
2.86731839
2.85931373
2.85229254
2.84662580
2.83964872
2.83057356
2.82304525
2.82015228
2.81961679
2.81676388
2.81034803
2.80276513
2.79585719
2.78920341
2.78205466
2.77465701
2.76743340
2.76026487
2.75294256
2.74554944
2.73819947
2.73085093
2.72345781
2.71604633
2.70863700
2.70122266
2.69379783
2.68637919
2.67897892
2.67159343
2.66422176
2.65686154
2.64950991
2.64216733
2.63483095
2.62749529
2.62015700
2.61281538
2.60546660
2.59810305
2.59071732
2.58330727
2.57586598
2.56837440
2.56080675
2.55315709
2.54544640
2.53770828
2.52996588
2.52222371
2.51448107
2.50674438
2.49902058
2.49131274
2.48361874
2.47594190
2.46828580
2.46065259
2.45303988
2.44544649
2.43787766
2.43033314
2.42280650
2.41528845
2.40777111
2.40025449
2.39273977
2.38523102
2.37773132
2.37024045
2.36275792
2.35528493
2.34782338
2.34037375
2.33293414
2.32550526
2.31808901
2.31068540
2.30329323
2.29591250
2.28854465
2.28119230
2.27385688
2.26654315
2.25925279
2.25198531
2.24473977
2.23751760
2.23032069
2.22314906
2.21600366
2.20888543
2.20179820
2.19474268
2.18772101
2.18073893
2.17379975
2.16690683
2.16007185
2.15331650
2.14665508
2.14007735
2.13356066
2.12708807
2.12065887
2.11427188
2.10791993
2.10159659
2.09530354
2.08904004
2.08280063
2.07658124
2.07038403
2.06420970
2.05805159
2.05190730
2.04578090
2.03967166
2.03356552
2.02744579
2.02130508
2.01514554
2.00896668
2.00276303
1.99653554
1.99028587
1.98401177
1.97770822
1.97137463
1.96501350
1.95862031
1.95218754
1.94571412
1.93920052
1.93263698
1.92600048
1.91928172
1.91250682
1.90572155
1.89895988
1.89223111
1.88553667
1.87888455
1.87228572
1.86574483
1.85926175
1.85284078
1.84649062
1.84021378
1.83401000
1.82788110
1.82183325
1.81586945
1.80998623
1.80417883
1.79842591
1.79270947
1.78703189
1.78139663
1.77580643
1.77026260
1.76476383
1.75931060
1.75390470
1.74854565
1.74323189
1.73796332
1.73274040
1.72756279
1.72242737
1.71733356
1.71228099
1.70726371
1.70227706
1.69732225
1.69240630
1.68753409
1.68270504
1.67791879
1.67317975
1.66848934
1.66384637
1.65925169
1.65470922
1.65022111
1.64578688
1.64141023
1.63709700
1.63285041
1.62867582
1.62459600
1.62064493
1.61683667
1.61315036
1.60955119
1.60602117
1.60255980
1.59916043
1.59580982
1.59250021
1.58923042
1.58599627
1.58278954
1.57960427
1.57643998
1.57329142
1.57015252
1.56702042
1.56389308
1.56075859
1.55760002
1.55440819
1.55118489
1.54793203
1.54464614
1.54132676
1.53797615
1.53459239
1.53117132
1.52771211
1.52421880
1.52068913
1.51711464
1.51349354
1.50983095
1.50612390
1.50235367
1.49850345
1.49457991
1.49061322
1.48663437
1.48266160
1.47870445
1.47476828
1.47085857
1.46698105
1.46314204
1.45934606
1.45559645
1.45189548
1.44824815
1.44465876
1.44112909
1.43766117
1.43425810
1.43092108
1.42764688
1.42443407
1.42128646
1.41821146
1.41521502
1.41229939
1.40946782
1.40672493
1.40407479
1.40151954
1.39906180
1.39670599
1.39445508
1.39231050
1.39027441
1.38835096
1.38654292
1.38485026
1.38327134
1.38180518
1.38045132
1.37921035
1.37808514
1.37708080
1.37620020
1.37544382
1.37481177
1.37430942
1.37394118
1.37370729
1.37360704
1.37364662
1.37383342
1.37416852
1.37465334
1.37530327
1.37614417
1.37714231
1.37823164
1.37937570
1.38055611
1.38176978
1.38301039
1.38426471
1.38552511
1.38679218
1.38806319
1.38932753
1.39058042
1.39182317
1.39305532
1.39426839
1.39545858
1.39662862
1.39777768
1.39889359
1.39996195
1.40097904
1.40194845
1.40287209
1.40374720
1.40457475
1.40535760
1.40609753
1.40679491
1.40745175
1.40807033
1.40865242
1.40920103
1.40972018
1.41021144
1.41067588
1.41111982
1.41155779
1.41200721
1.41247869
1.41297388
1.41349101
1.41402829
1.41458535
1.41516352
1.41576493
1.41638994
1.41703737
1.41770852
1.41840708
1.41913509
1.41989172
1.42067873
1.42150092
1.42236316
1.42326605
1.42420542
1.42517984
1.42618930
1.42723489
1.42831802
1.42944205
1.43060887
1.43181980
1.43307686
1.43438339
1.43574154
1.43715191
1.43861711
1.44014013
1.44172359
1.44336796
1.44507587
1.44684935
1.44868672
1.45058215
1.45253515
1.45455027
1.45663166
1.45877945
1.46099377
1.46327794
1.46563721
1.46807218
1.47058213
1.47316945
1.47584009
1.47859788
1.48144281
1.48437560
1.48740602
1.49055278
1.49383402
1.49725294
1.50079322
1.50443208
1.50815511
1.51195920
1.51584029
1.51979101
1.52380562
1.52788079
1.53201509
1.53620470
1.54044557
1.54473639
1.54907632
1.55346191
1.55789208
1.56236553
1.56688130
1.57143807
1.57603669
1.58068061
1.58537197
1.59010959
1.59489369
1.59972703
1.60461175
1.60954881
1.61453760
1.61958134
1.62468350
1.62984598
1.63507020
1.64035940
1.64571822
1.65115321
1.65666616
1.66222751
1.66779888
1.67337370
1.67895019
1.68452883
1.69010949
1.69569135
1.70127451
1.70686042
1.71244979
1.71804142
1.72363830
1.72924292
1.73485672
1.74047959
1.74611485
1.75176966
1.75744987
1.76315546
1.76888382
1.77463019
1.78039062
1.78616416
1.79195201
1.79775691
1.80357838
1.80941582
1.81527066
1.82114565
1.82704127
1.83295739
1.83889520
1.84485722
1.85084343
1.85685408
1.86288965
1.86894774
1.87502217
1.88110995
1.88721383
1.89333761
1.89948225
1.90564561
1.91183019
1.91803944
1.92427266
1.93052804
1.93680692
1.94311309
1.94944596
1.95580208
1.96218228
1.96858943
1.97502363
1.98148406
1.98797321
1.99449837
2.00106192
2.00766110
2.01429582
2.02097273
2.02769423
2.03445983
2.04126906
2.04812741
2.05503774
2.06199980
2.06901336
2.07608271
2.08321095
2.09039736
2.09764338
2.10495353
2.11233449
2.11978960
2.12732124
2.13493228
2.14262319
2.15039277
2.15824151
2.16617346
2.17418909
2.18228555
2.19046235
2.19872379
2.20707154
2.21549916
2.22400236
2.23258710
2.24125791
2.24999285
2.25874472
2.26746774
2.27614355
2.28478122
2.29339457
2.30198789
2.31055808
2.31910658
2.32763910
2.33615899
2.34466457
2.35315609
2.36163783
2.37011290
2.37858176
2.38704467
2.39550686
2.40397573
2.41245508
2.42094254
2.42943239
2.43791819
2.44639635
2.45486641
2.46332860
2.47178245
2.48022580
2.48865843
2.49708056
2.50549126
2.51389050
2.52227664
2.53065038
2.53901100
2.54735708
2.55568814
2.56399870
2.57228589
2.58053994
2.58876038
2.59695077
2.60511231
2.61324453
2.62134910
2.62942839
2.63748217
2.64550948
2.65351081
2.66148996
2.66944528
2.67737365
2.68527627
2.69315457
2.70100379
2.70881367
2.71658301
2.72432423
2.73205328
2.73977780
2.74750185
2.75523353
2.76297998
2.77074385
2.77852774
2.78633857
2.79418397
2.80206490
2.80998397
2.81794858
2.82596684
2.83403897
2.84216905
2.85037136
2.85865951
2.86703253
2.87547994
2.88399696
2.89258623
2.90124631
2.90997291
2.91876650
2.92763209
2.93656993
2.94557285
2.95464277
2.96378589
2.97300124
2.98228121
2.99162340
3.00103927
3.01052761
3.02005196
3.02955484
3.03899598
3.04837012
3.05768967
3.06696200
3.07618499
3.08535790
3.09448504
3.10357070
3.11261463
3.12161684
3.13057971
3.13950706
3.14840007
3.15725946
3.16608906
3.17489767
3.18369007
3.19246578
3.20121336
3.20992208
3.21858406
3.22719741
3.23576379
3.24428105
3.25274682
3.26115918
3.26952052
3.27782917
3.28608394
3.29428363
3.30243015
3.31052446
3.31856465
3.32655120
3.33448887
3.34238005
3.35022163
3.35800695
3.36573267
3.37339735
3.38099766
3.38853216
3.39599991
3.40340042
3.41073060
3.41798782
3.42517304
3.43228555
3.43932009
3.44627643
3.45315385
3.45994806
3.46665025
3.47327161
3.47984600
3.48641038
3.49297547
3.49953318
3.50608253
3.51262975
3.51917863
3.52572298
3.53226113
3.53879952
3.54534030
3.55187774
3.55841184
3.56494808
3.57148886
3.57803035
3.58457541
3.59113431
3.59774876
3.60443234
3.61116982
3.61795735
3.62479568
3.63168168
3.63860893
3.64557815
3.65258908
3.65963769
3.66671968
3.67383480
3.68098521
3.68816257
3.69535995
3.70258069
3.70982647
3.71707106
3.72425961
3.73134255
3.73830581
3.74516296
3.75193048
3.75861120
3.76520252
3.77170897
3.77813697
3.78449035
3.79076767
3.79697108
3.80310392
3.80916953
3.81516910
3.82110190
3.82697296
3.83278847
3.83855343
3.84427023
3.84993672
3.85555005
3.86110568
3.86660314
3.87204123
3.87742114
3.88274026
3.88799787
3.89319253
3.89832687
3.90339780
3.90840435
3.91334629
3.91822457
3.92303777
3.92778349
3.93246150
3.93707204
3.94161654
3.94609427
3.95050621
3.95485139
3.95913100
3.96334434
3.96749020
3.97156811
3.97557878
3.97952223
3.98339701
3.98719883
3.99092913
3.99459147
3.99817896
4.00168037
4.00510120
4.00848055
4.01187277
4.01530504
4.01877880
4.02228355
4.02582359
4.02940416
4.03302193
4.03667307
4.04035854
4.04408169
4.04783916
4.05162716
4.05544901
4.05930567
4.06319380
4.06711149
4.07106733
4.07506847
4.07910728
4.08316946
4.08724403
4.09132910
4.09541845
4.09950209
4.10357857
4.10764503
4.11169529
4.11571932
4.11971474
4.12368107
4.12761068
4.13148880
4.13531351
4.13908720
4.14279175
4.14638042
4.14979839
4.15302372
4.15606260
4.15893078
4.16163588
4.16417742
4.16655540
4.16877508
4.17083931
4.17274857
4.17450237
4.17610168
4.17754698
4.17884016
4.17998028
4.18096781
4.18180132
4.18247938
4.18304920
4.18354273
4.18395901
4.18429995
4.18456650
4.18475962
4.18487930
4.18492746
4.18490601
4.18481588
4.18465948
4.18443584
4.18414688
4.18379641
4.18338442
4.18291283
4.18238497
4.18180561
4.18117905
4.18050814
4.17979193
4.17902756
4.17821264
4.17734814
4.17643595
4.17547560
4.17446661
4.17340899
4.17230511
4.17115641
4.16995955
4.16871357
4.16742325
4.16608953
4.16470432
4.16326141
4.16177511
4.16027498
4.15878963
4.15732479
4.15587711
4.15444517
4.15303230
4.15163851
4.15026045
4.14889765
4.14755201
4.14622307
4.14490747
4.14360571
4.14232063
4.14105129
4.13979626
4.13855934
4.13734913
4.13616228
4.13498402
4.13379908
4.13260078
4.13139105
4.13016319
4.12891197
4.12763357
4.12632942
4.12499666
4.12362909
4.12222672
4.12078857
4.11931276
4.11779594
4.11623621
4.11463547
4.11298895
4.11128426
4.10950804
4.10765648
4.10573101
4.10373497
4.10166883
4.09953213
4.09732294
4.09504175
4.09268951
4.09026575
4.08776808
4.08519506
4.08254814
4.07982445
4.07702255
4.07413960
4.07117558
4.06813097
4.06500673
4.06180286
4.05852127
4.05516148
4.05172205
4.04820156
4.04460049
4.04091835
4.03715467
4.03330851
4.02937937
4.02536821
4.02127314
4.01709461
4.01283216
4.00848770
4.00405979
3.99955130
3.99496317
3.99029636
3.98554683
3.98071146
3.97579145
3.97078609
3.96569586
3.96051574
3.95524812
3.94989586
3.94445634
3.93892670
3.93330741
3.92760372
3.92181611
3.91593933
3.90997195
3.90393090
3.89788914
3.89190292
3.88597846
3.88010263
3.87426519
3.86846232
3.86269093
3.85694599
3.85121918
3.84550738
3.83980632
3.83411217
3.82841921
3.82272410
3.81702280
3.81131315
3.80559087
3.79985404
3.79410267
3.78833103
3.78253269
3.77670074
3.77083182
3.76492381
3.75897431
3.75297880
3.74693704
3.74084783
3.73470998
3.72852039
3.72228122
3.71599531
3.70966506
3.70328903
3.69687247
3.69043589
3.68400764
3.67760229
3.67121410
3.66482711
3.65843081
3.65202498
3.64560723
3.63917494
3.63272381
3.62625337
3.61976099
3.61324573
3.60670424
3.60013700
3.59354258
3.58691740
3.58026052
3.57357216
3.56685543
3.56011295
3.55334926
3.54656911
3.53977060
3.53294945
3.52610445
3.51923752
3.51235104
3.50544143
3.49850583
3.49154592
3.48456478
3.47756124
3.47053289
3.46347857
3.45640206
3.44930577
3.44218612
3.43503976
3.42786717
3.42066717
3.41343975
3.40618396
3.39890027
3.39158750
3.38424563
3.37687469
3.36947513
3.36204505
3.35458469
3.34709311
3.33957219
3.33202004
3.32443428
3.31681299
3.30916071
3.30148864
3.29381061
3.28613710
3.27847004
3.27080202
3.26312447
3.25543737
3.24774289
3.24003911
3.23232007
3.22458172
3.21682620
3.20905232
3.20125651
3.19343567
3.18558741
3.17771077
3.16980243
3.16186047
3.15388989
3.14590049
3.13789940
3.12988830
3.12186456
3.11382890
3.10578513
3.09773803
3.08968949
3.08163786
3.07358575
3.06553984
3.05750608
3.04948807
3.04148769
3.03351331
3.02558637
3.01773357
3.00997829
3.00231671
2.99472189
2.98717356
2.97966504
2.97219610
2.96476030
2.95734954
2.94996095
2.94259572
2.93524933
2.92791510
2.92059159
2.91328168
2.90598297
2.89868855
2.89139485
2.88410950
2.87683892
2.86958528
2.86234832
2.85513139
2.84793520
2.84075570
2.83358908
2.82643747
2.81930470
2.81218910
2.80508542
2.79799485
2.79092216
2.78386855
2.77682829
2.76980209
2.76279402
2.75580859
2.74884248
2.74189162
2.73495340
2.72802734
2.72111058
2.71420145
2.70729876
2.70040512
2.69351864
2.68663573
2.67975640
2.67288065
2.66600871
2.65913558
2.65225697
2.64537382
2.63848376
2.63157511
2.62462258
2.61760378
2.61051178
2.60335588
2.59614730
2.58889103
2.58158636
2.57423425
2.56683850
2.55940270
2.55192709
2.54441261
2.53686070
2.52927446
2.52165580
2.51400447
2.50632119
2.49860787
2.49086785
2.48310971
2.47534513
2.46758556
2.45983696
2.45209980
2.44437480
2.43666744
2.42898417
2.42132950
2.41370583
2.40611553
2.39856720
2.39107037
2.38363218
2.37625647
2.36895180
2.36174059
2.35466123
2.34775376
2.34102988
2.33446264
2.32801151
2.32165360
2.31538630
2.30920911
2.30311108
2.29708099
2.29111767
2.28522158
2.27938700
2.27360845
2.26788664
2.26222277
2.25661111
2.25104809
2.24553990
2.24009275
2.23470664
2.22937632
2.22410417
2.21889281
2.21373677
2.20862865
2.20357203
2.19857359
2.19363165
2.18873763
2.18389225
2.17910480
2.17437792
2.16970444
2.16508150
2.16051745
2.15601993
2.15158963
2.14720631
2.14285254
2.13853097
2.13423657
2.12996054
2.12569952
2.12145615
2.11723089
2.11301804
2.10881209
2.10461068
2.10041547
2.09622455
2.09202981
2.08782530
2.08360982
2.07937789
2.07510614
2.07076311
2.06633425
2.06183290
2.05728483
2.05269861
2.04807067
2.04340363
2.03871012
2.03399634
2.02925992
2.02449942
2.01972222
2.01493478
2.01013780
2.00532866
2.00051045
1.99568582
1.99085593
1.98602629
1.98121119
1.97643065
1.97169602
1.96700788
1.96236563
1.95777273
1.95323503
1.94875705
1.94434035
1.93998706
1.93569922
1.93148279
1.92734456
1.92328811
1.91931438
1.91543090
1.91165841
1.90802443
1.90453994
1.90118885
1.89794207
1.89477921
1.89169550
1.88868856
1.88574886
1.88286829
1.88004541
1.87728047
1.87456763
1.87189984
1.86927664
1.86670148
1.86417031
1.86167514
1.85921454
1.85679638
1.85442746
1.85210812
1.84983921
1.84762323
1.84545946
1.84334099
1.84126520
1.83923364
1.83724809
1.83530426
1.83339822
1.83153057
1.82970357
1.82791495
1.82616031
1.82443976
1.82275367
1.82109940
1.81947470
1.81788254
1.81632733
1.81481040
1.81333125
1.81189013
1.81048858
1.80912626
1.80780113
1.80651379
1.80526519
1.80405498
1.80288005
1.80173719
1.80062640
1.79954731
1.79849422
1.79744697
1.79637492
1.79525375
1.79408741
1.79290307
1.79172802
1.79057491
1.78944528
1.78834772
1.78729463
1.78629541
1.78535473
1.78447664
1.78366816
1.78293645
1.78228760
1.78172624
1.78125513
1.78087580
1.78059506
1.78039622
1.78026295
1.78020620
1.78022861
1.78033280
1.78052092
1.78079486
1.78115618
1.78160679
1.78214955
1.78278446
1.78351247
1.78433418
1.78525269
1.78626823
1.78738153
1.78859448
1.78991187
1.79133391
1.79285145
1.79444838
1.79611194
1.79783940
1.79963183
1.80148566
1.80339384
1.80535293
1.80736458
1.80942953
1.81154191
1.81369674
1.81589556
1.81814027
1.82042623
1.82274842
1.82510567
1.82750034
1.82992840
1.83238232
1.83486044
1.83736551
1.83989811
1.84245276
1.84502649
1.84762108
1.85023773
1.85287344
1.85552454
1.85819173
1.86087680
1.86357832
1.86629200
1.86901844
1.87175965
1.87451792
1.87729466
1.88008976
1.88290453
1.88573635
1.88858271
1.89144254
1.89431596
1.89720321
1.90010202
1.90301049
1.90592921
1.90885973
1.91179919
1.91474330
1.91769123
1.92064595
1.92360091
1.92652905
1.92939532
1.93218398
1.93490994
1.93759954
1.94026959
1.94292474
1.94557011
1.94821751
1.95087683
1.95355189
1.95624673
1.95896864
1.96172380
1.96451700
1.96735144
1.97023129
1.97316146
1.97614574
1.97918952
1.98229778
1.98547375
1.98871994
1.99203873
1.99543118
1.99889696
2.00243640
2.00605178
2.00974464
2.01351261
2.01735401
2.02126884
2.02525711
2.02931595
2.03344154
2.03762913
2.04187179
2.04616213
2.05049801
2.05488801
2.05934525
2.06387472
2.06847644
2.07315159
2.07790589
2.08274198
2.08766031
2.09266138
2.09774756
2.10292077
2.10818076
2.11352801
2.11896396
2.12448788
2.13009620
2.13578534
2.14152932
2.14729643
2.15308619
2.15890074
2.16474104
2.17060471
2.17648673
2.18238688
2.18830705
2.19424558
2.20019746
2.20616078
2.21213675
2.21812630
2.22412562
2.23013091
2.23614216
2.24216390
2.24820089
2.25425625
2.26033378
2.26643419
2.27255464
2.27869177
2.28484464
2.29101443
2.29720044
2.30340123
2.30961466
2.31584096
2.32208085
2.32833362
2.33459759
2.34087253
2.34715867
2.35345483
2.35975218
2.36604214
2.37232280
2.37860179
2.38488650
2.39117956
2.39747906
2.40378690
2.41010761
2.41644406
2.42279434
2.42915845
2.43553901
2.44193840
2.44835615
2.45479155
2.46124530
2.46771789
2.47420859
2.48071051
2.48721766
2.49372697
2.50023985
2.50675774
2.51327610
2.51979160
2.52630329
2.53281307
2.53931785
2.54581237
2.55229139
2.55875516
2.56520295
2.57162833
2.57802010
2.58436775
2.59066987
2.59694362
2.60321808
2.60952282
2.61586952
2.62225389
2.62867260
2.63513136
2.64163661
2.64818692
2.65477872
2.66141415
2.66809630
2.67482281
2.68159056
2.68840051
2.69525218
2.70213795
2.70904994
2.71598554
2.72294950
2.72994757
2.73698545
2.74406886
2.75119877
2.75837231
2.76558566
2.77284265
2.78014612
2.78749204
2.79487514
2.80229473
2.80975389
2.81725144
2.82478046
2.83233595
2.83991718
2.84752464
2.85515881
2.86282396
2.87052608
2.87826872
2.88604999
2.89386749
2.90172172
2.90961242
2.91754079
2.92550755
2.93351007
2.94154763
2.94962192
2.95773745
2.96589375
2.97408915
2.98233032
2.99062920
2.99899340
3.00740290
3.01584244
3.02430415
3.03278780
3.04129004
3.04980159
3.05831647
3.06683660
3.07536054
3.08388162
3.09239292
3.10089278
3.10938072
3.11785293
3.12630296
3.13472462
3.14310980
3.15144801
3.15972805
3.16794872
3.17611241
3.18422318
3.19227886
3.20027542
3.20820999
3.21608210
3.22389221
3.23163700
3.23931146
3.24691081
3.25443077
3.26187325
3.26923227
3.27648950
3.28363037
3.29066181
3.29762363
3.30455947
3.31149364
3.31842852
3.32536292
3.33230424
3.33925915
3.34622765
3.35320687
3.36020303
3.36722136
3.37425900
3.38131022
3.38837934
3.39547324
3.40258574
3.40970397
3.41682124
3.42394042
3.43106461
3.43819642
3.44534087
3.45251060
3.45970702
3.46692419
3.47416306
3.48143101
3.48873138
3.49606037
3.50341535
3.51079965
3.51821852
3.52566910
3.53314638
3.54065180
3.54818988
3.55575967
3.56336045
3.57099557
3.57866907
3.58638048
3.59412885
3.60191298
3.60973811
3.61760283
3.62550616
3.63345051
3.64143801
3.64947081
3.65754914
3.66567397
3.67385077
3.68209147
3.69040537
3.69878983
3.70721483
3.71564102
3.72404265
3.73241615
3.74076152
3.74907207
3.75733399
3.76554251
3.77369833
3.78179669
3.78982854
3.79778838
3.80567336
3.81348085
3.82120466
3.82883835
3.83637595
3.84380412
3.85110712
3.85827398
3.86530399
3.87219930
3.87896109
3.88558555
3.89206767
3.89840603
3.90460062
3.91065097
3.91655040
3.92229462
3.92788315
3.93331647
3.93859196
3.94369650
3.94862294
3.95338202
3.95804763
3.96268916
3.96733737
3.97199178
3.97663784
3.98127842
3.98592257
3.99057317
3.99522305
3.99986935
4.00451946
4.00917864
4.01384020
4.01849937
4.02316236
4.02783346
4.03250647
4.03716993
4.04182196
4.04646349
4.05109549
4.05572128
4.06034613
4.06497669
4.06961298
4.07425213
4.07889605
4.08355284
4.08822203
4.09289980
4.09758711
4.10229063
4.10700989
4.11174202
4.11648607
4.12124491
4.12602186
4.13081408
4.13562059
4.14044666
4.14529610
4.15016985
4.15506506
4.15998173
4.16492605
4.16989803
4.17489815
4.17992449
4.18498230
4.19007444
4.19520617
4.20037651
4.20559025
4.21087074
4.21623898
4.22168779
4.22718000
4.23267603
4.23815680
4.24362183
4.24906254
4.25446415
4.25981951
4.26512671
4.27038336
4.27557802
4.28070354
4.28575706
4.29073668
4.29563522
4.30044508
4.30515957
4.30976868
4.31425905
4.31862259
4.32286358
4.32698965
4.33100224
4.33489990
4.33868122
4.34234571
4.34589338
4.34932566
4.35264158
4.35583735
4.35890961
4.36186028
4.36469269
4.36740160
4.36997509
4.37241077
4.37473440
4.37698793
4.37920523
4.38139296
4.38354492
4.38565874
4.38773775
4.38978148
4.39178419
4.39374447
4.39566469
4.39754295
4.39937401
4.40115213
4.40288115
4.40456152
4.40618610
4.40774393
4.40923405
4.41066313
4.41202974
4.41333199
4.41457033
4.41575241
4.41687727
4.41793680
4.41892767
4.41985416
4.42071915
4.42151451
4.42223501
4.42288113
4.42345572
4.42395353
4.42436695
4.42469072
4.42491722
4.42508650
4.42522717
4.42534304
4.42544460
4.42553568
4.42561769
4.42568827
4.42575312
4.42581558
4.42587662
4.42593670
4.42599869
4.42606640
4.42614126
4.42622519
4.42632294
4.42644739
4.42660999
4.42681026
4.42702055
4.42720366
4.42733765
4.42742062
4.42745686
4.42743969
4.42736101
4.42721558
4.42700815
4.42673779
4.42640066
4.42599106
4.42550898
4.42495584
4.42433071
4.42362881
4.42284393
4.42196846
4.42100096
4.41994572
4.41880846
4.41759300
4.41630316
4.41494370
4.41351509
4.41201878
4.41045570
4.40883255
4.40715218
4.40541315
4.40361452
4.40176487
4.39986849
4.39792299
4.39593029
4.39390373
4.39186907
4.38984680
4.38783836
4.38583469
4.38383389
4.38183689
4.37984562
4.37785482
4.37586164
4.37386703
4.37187338
4.36987829
4.36787796
4.36587334
4.36386585
4.36185837
4.35984898
4.35783339
4.35581017
4.35377359
4.35171795
4.34963799
4.34753609
4.34541559
4.34327555
4.34111309
4.33892488
4.33671522
4.33448458
4.33223104
4.32995176
4.32764816
4.32532072
4.32296848
4.32058954
4.31818151
4.31574297
4.31326580
4.31074476
4.30817795
4.30556631
4.30290842
4.30020428
4.29745150
4.29464960
4.29179716
4.28889275
4.28593636
4.28292847
4.27986622
4.27674770
4.27357244
4.27034760
4.26707506
4.26374769
4.26034451
4.25683737
4.25320768
4.24945164
4.24557304
4.24157190
4.23744488
4.23318863
4.22880507
4.22429609
4.21966219
4.21490097
4.21001244
4.20499897
4.19986153
4.19460058
4.18921471
4.18369770
4.17809868
4.17245579
4.16677713
4.16106892
4.15533447
4.14957666
4.14380407
4.13801718
4.13221884
4.12641239
4.12060308
4.11479521
4.10898733
4.10317945
4.09737825
4.09158754
4.08580399
4.08001995
4.07422829
4.06842422
4.06261015
4.05678749
4.05096102
4.04513311
4.03930235
4.03347206
4.02764177
4.02181482
4.01599216
4.01017570
4.00436783
3.99856949
3.99278235
3.98700905
3.98125625
3.97552538
3.96981645
3.96412349
3.95844078
3.95276237
3.94708562
3.94141269
3.93574405
3.93008065
3.92441797
3.91875648
3.91309929
3.90744495
3.90179276
3.89614034
3.89049029
3.88484359
3.87919760
3.87355185
3.86790752
3.86226606
3.85662460
3.85098028
3.84533358
3.83968711
3.83403921
3.82838893
3.82273555
3.81707954
3.81141925
3.80575442
3.80008554
3.79441237
3.78873372
3.78304768
3.77735472
3.77165747
3.76595116
3.76022458
3.75446510
3.74866581
3.74282551
3.73694682
3.73103189
3.72508049
3.71909165
3.71306729
3.70701027
3.70092344
3.69480562
3.68865800
3.68248296
3.67628551
3.67006493
3.66382170
3.65756130
3.65128779
3.64500117
3.63869667
3.63237309
3.62603235
3.61967731
3.61330557
3.60691547
3.60050678
3.59408164
3.58764005
3.58117962
3.57469702
3.56819153
3.56166148
3.55510449
3.54851604
3.54187703
3.53515410
3.52831650
3.52135706
3.51429582
3.50715494
3.49994183
3.49265480
3.48529696
3.47788072
3.47041035
3.46288681
3.45531154
3.44769168
3.44003296
3.43233705
3.42460632
3.41684747
3.40906572
3.40126133
3.39345407
3.38566089
3.37787819
3.37010288
3.36233473
3.35457873
3.34683657
3.33910370
3.33137870
3.32366490
3.31596684
3.30827975
3.30059934
3.29292727
3.28526807
3.27761912
3.26997328
3.26232553
3.25467706
3.24702764
3.23937726
3.23172832
3.22408509
3.21644950
3.20882058
3.20119691
3.19358063
3.18597317
3.17837405
3.17078233
3.16319919
3.15562558
3.14806104
3.14050627
3.13296127
3.12542963
3.11792350
3.11046147
3.10305667
3.09571028
3.08841729
3.08117771
3.07399631
3.06687665
3.05981660
3.05281401
3.04587221
3.03899479
3.03218293
3.02543402
3.01874804
3.01212907
3.00557995
2.99910378
2.99269938
2.98636436
2.98009062
2.97387052
2.96769977
2.96157455
2.95549393
2.94945884
2.94346571
2.93750763
2.93158221
2.92568994
2.91982889
2.91399145
2.90816689
2.90235233
2.89654851
2.89073968
2.88487744
2.87890291
2.87278938
2.86655354
2.86022878
2.85383177
2.84736347
2.84082747
2.83423948
2.82760787
2.82093191
2.81421375
2.80746388
2.80069137
2.79389572
2.78707528
2.78024054
2.77340293
2.76656342
2.75971413
2.75285387
2.74598289
2.73910213
2.73220634
2.72529888
2.71839070
2.71148467
2.70457649
2.69766665
2.69076490
2.68387723
2.67700124
2.67013597
2.66328812
2.65646529
2.64966893
2.64289761
2.63615680
2.62945271
2.62278676
2.61615634
2.60956240
2.60301042
2.59650683
2.59005117
2.58364487
2.57729244
2.57099819
2.56476760
2.55860186
2.55250382
2.54647923
2.54053450
2.53467226
2.52889752
2.52322650
2.51767015
2.51222992
2.50690532
2.50168347
2.49655938
2.49153757
2.48661923
2.48179889
2.47707033
2.47243571
2.46789956
2.46345925
2.45910978
2.45484996
2.45068431
2.44661403
2.44264102
2.43876791
2.43499279
2.43130302
2.42768002
2.42410707
2.42058110
2.41710114
2.41366458
2.41026378
2.40689206
2.40354490
2.40022349
2.39692378
2.39363885
2.39035869
2.38707995
2.38380456
2.38052440
2.37721324
2.37383580
2.37036824
2.36681128
2.36318278
2.35949874
2.35576439
2.35198259
2.34815979
2.34430051
2.34040689
2.33648157
2.33252859
2.32855415
2.32455707
2.32053661
2.31649947
2.31245232
2.30839705
2.30432963
2.30024791
2.29615521
2.29204917
2.28792405
2.28378010
2.27962518
2.27546453
2.27129316
2.26710844
2.26291656
2.25872517
2.25453281
2.25033498
2.24613595
2.24194384
2.23775983
2.23358154
2.22941160
2.22525668
2.22112131
2.21700430
2.21290255
2.20882082
2.20476413
2.20073414
2.19672918
2.19275284
2.18880892
2.18490267
2.18103385
2.17720389
2.17342019
2.16968846
2.16600966
2.16238523
2.15883708
2.15541363
2.15216446
2.14910746
2.14622784
2.14350510
2.14093637
2.13852715
2.13627315
2.13416481
2.13219953
2.13037968
2.12870550
2.12717104
2.12577415
2.12451577
2.12339664
2.12241626
2.12157512
2.12087488
2.12031031
2.11986780
2.11953759
2.11931610
2.11920166
2.11919141
2.11928129
2.11946940
2.11975384
2.12012959
2.12059474
2.12114787
2.12178516
2.12250066
2.12329030
2.12415433
2.12508130
2.12604523
2.12697816
2.12782955
2.12861514
2.12935424
2.13005567
2.13071728
2.13134098
2.13193488
2.13250303
2.13304353
2.13355446
2.13404036
2.13450503
2.13494658
2.13536239
2.13575339
2.13612318
2.13647151
2.13679695
2.13710427
2.13740063
2.13768768
2.13796353
2.13822556
2.13847899
2.13872576
2.13896322
2.13919210
2.13941431
2.13963246
2.13984585
2.14005423
2.14025950
2.14046502
2.14067006
2.14087439
2.14108038
2.14128804
2.14149761
2.14170933
2.14192629
2.14215136
2.14238501
2.14262676
2.14287925
2.14314628
2.14342976
2.14372778
2.14404130
2.14437556
2.14473557
2.14511895
2.14552498
2.14595985
2.14644885
2.14702153
2.14769769
2.14847636
2.14934468
2.15029263
2.15131879
2.15242243
2.15360093
2.15484929
2.15616417
2.15754437
2.15898871
2.16049623
2.16206431
2.16369081
2.16537499
2.16711879
2.16892290
2.17078257
2.17268825
2.17463374
2.17661381
2.17862797
2.18067598
2.18275714
2.18487144
2.18701959
2.18920088
2.19141793
2.19367170
2.19596410
2.19829726
2.20067263
2.20309544
2.20557022
2.20810556
2.21070790
2.21337724
2.21610856
2.21889782
2.22174287
2.22464633
2.22760916
2.23063183
2.23371482
2.23685837
2.24006391
2.24333191
2.24666452
2.25006366
2.25352859
2.25705910
2.26065874
2.26433063
2.26807618
2.27189684
2.27579474
2.27977324
2.28383350
2.28797483
2.29219842
2.29650593
2.30089927
2.30537820
2.30994177
2.31459188
2.31932974
2.32415485
2.32906675
2.33406544
2.33915210
2.34432793
2.34958863
2.35489726
2.36020923
2.36552072
2.37082815
2.37613106
2.38143063
2.38672400
2.39200997
2.39728737
2.40255642
2.40781689
2.41306949
2.41831326
2.42354870
2.42877698
2.43399668
2.43921161
2.44443369
2.44967961
2.45496535
2.46029067
2.46564627
2.47101855
2.47640038
2.48179078
2.48718810
2.49258780
2.49798608
2.50337911
2.50876713
2.51415062
2.51952648
2.52489328
2.53024983
2.53559899
2.54094100
2.54627800
2.55161095
2.55694413
2.56227899
2.56761408
2.57294869
2.57828665
2.58363295
2.58898687
2.59434819
2.59972239
2.60511589
2.61053252
2.61597395
2.62144685
2.62695956
2.63252664
2.63816786
2.64390993
2.64976859
2.65573263
2.66177082
2.66785765
2.67398953
2.68016863
2.68638897
2.69264150
2.69892192
2.70523071
2.71156621
2.71792364
2.72430396
2.73070812
2.73713326
2.74357772
2.75004697
2.75655007
2.76308966
2.76966119
2.77626157
2.78288937
2.78954387
2.79622340
2.80292821
2.80966187
2.81642485
2.82321763
2.83004117
2.83690023
2.84379482
2.85072660
2.85769725
2.86471248
2.87177539
2.87888765
2.88604975
2.89326072
2.90051675
2.90781164
2.91514206
2.92251015
2.92991805
2.93736601
2.94485068
2.95236850
2.95991826
2.96750164
2.97511959
2.98276663
2.99043608
2.99812603
3.00583625
3.01356196
3.02129459
3.02903008
3.03677726
3.04454613
3.05233455
3.06013346
3.06793737
3.07575107
3.08357525
3.09140515
3.09923267
3.10705781
3.11488152
3.12270188
3.13051438
3.13831496
3.14610267
3.15387607
3.16163206
3.16937590
3.17710567
3.18483090
3.19255090
3.20026231
3.20796919
3.21567822
3.22339296
3.23111153
3.23883557
3.24657273
3.25433350
3.26212025
3.26993394
3.27778029
3.28567553
3.29364395
3.30170417
3.30986142
3.31809568
3.32637286
3.33466387
3.34296060
3.35126305
3.35956860
3.36787176
3.37616849
3.38445950
3.39274096
3.40100932
3.40926576
3.41751385
3.42575192
3.43397331
3.44217920
3.45038128
3.45859122
3.46681356
3.47504807
3.48329377
3.49155045
3.49981284
3.50807810
3.51634693
3.52461934
3.53289366
3.54116893
3.54944634
3.55772328
3.56599832
3.57427144
3.58254409
3.59081697
3.59908557
3.60734534
3.61559486
3.62383246
3.63205457
3.64025831
3.64844275
3.65660644
3.66474986
3.67287183
3.68096805
3.68903446
3.69706702
3.70506573
3.71303010
3.72095108
3.72881913
3.73662806
3.74436951
3.75202012
3.75955772
3.76698446
3.77433276
3.78162956
3.78888154
3.79608107
3.80323052
3.81034517
3.81743407
3.82449365
3.83152080
3.83852124
3.84550309
3.85247016
3.85941935
3.86635232
3.87327194
3.88018417
3.88709974
3.89403415
3.90100241
3.90800667
3.91504288
3.92211080
3.92921662
3.93636608
3.94355702
3.95078754
3.95805955
3.96538329
3.97276425
3.98019838
3.98768473
3.99523282
4.00286245
4.01059055
4.01841927
4.02632475
4.03426123
4.04218721
4.05008411
4.05795002
4.06577969
4.07356119
4.08128357
4.08894873
4.09655142
4.10408068
4.11152935
4.11889887
4.12619019
4.13339424
4.14050055
4.14751387
4.15443802
4.16130972
4.16814089
4.17492390
4.18165970
4.18834543
4.19497919
4.20155811
4.20808220
4.21454954
4.22096014
4.22731829
4.23362207
4.23986959
4.24605894
4.25219584
4.25828648
4.26433039
4.27032566
4.27627754
4.28219461
4.28807116
4.29389524
4.29966307
4.30537891
4.31104660
4.31666279
4.32222271
4.32772684
4.33317471
4.33856630
4.34390116
4.34917402
4.35438013
4.35951567
4.36457300
4.36953068
4.37435389
4.37902164
4.38355875
4.38800621
4.39239216
4.39671516
4.40097570
4.40518904
4.40937090
4.41352463
4.41764879
4.42174911
4.42583704
4.42991686
4.43398905
4.43805695
4.44212770
4.44620705
4.45030260
4.45442867
4.45860147
4.46282339
4.46708727
4.47138691
4.47572756
4.48011541
4.48454952
4.48902321
4.49353695
4.49809361
4.50270176
4.50736094
4.51206589
4.51681614
4.52162313
4.52650738
4.53148174
4.53653812
4.54164696
4.54677486
4.55189610
4.55699921
4.56207752
4.56712389
4.57213354
4.57710171
4.58202314
4.58688879
4.59169483
4.59644127
4.60112858
4.60574913
4.61029482
4.61476707
4.61917067
4.62350988
4.62777996
4.63197660
4.63609457
4.64013052
4.64407778
4.64793205
4.65168953
4.65534782
4.65890169
4.66234922
4.66568804
4.66891479
4.67202473
4.67501545
4.67788601
4.68063545
4.68325949
4.68575811
4.68813467
4.69039059
4.69252300
4.69452810
4.69640017
4.69813538
4.69973278
4.70119143
4.70250940
4.70367765
4.70469189
4.70555162
4.70625639
4.70679951
4.70717049
4.70736122
4.70735931
4.70713902
4.70674276
4.70622778
4.70563602
4.70499849
4.70432377
4.70360899
4.70286274
4.70209646
4.70132065
4.70053577
4.69974327
4.69894886
4.69815683
4.69737291
4.69659901
4.69583559
4.69508410
4.69434834
4.69364357
4.69298077
4.69236612
4.69180012
4.69128227
4.69081259
4.69039106
4.69001770
4.68969297
4.68941689
4.68918324
4.68899584
4.68885708
4.68876362
4.68870735
4.68868780
4.68871164
4.68877554
4.68885756
4.68892860
4.68897486
4.68899488
4.68899298
4.68896675
4.68891716
4.68884182
4.68874359
4.68862200
4.68847752
4.68830729
4.68810892
4.68788099
4.68762636
4.68734407
4.68702602
4.68666840
4.68627405
4.68584824
4.68539000
4.68489552
4.68436289
4.68379211
4.68317938
4.68251896
4.68180609
4.68103743
4.68021297
4.67932844
4.67837954
4.67736101
4.67626953
4.67510462
4.67386389
4.67254066
4.67113400
4.66964483
4.66808081
4.66644335
4.66472673
4.66292524
4.66103888
4.65906668
4.65700769
4.65485764
4.65261602
4.65028191
4.64785290
4.64532614
4.64270067
4.63997316
4.63714170
4.63419771
4.63112259
4.62789774
4.62451458
4.62098837
4.61734867
4.61361504
4.60979366
4.60588360
4.60189390
4.59783602
4.59371567
4.58953238
4.58528757
4.58098650
4.57663631
4.57223988
4.56779718
4.56331062
4.55878448
4.55422306
4.54962587
4.54499149
4.54031849
4.53560495
4.53084993
4.52605104
4.52120733
4.51631880
4.51138210
4.50639200
4.50134802
4.49625349
4.49110794
4.48590374
4.48063421
4.47530031
4.46989965
4.46442080
4.45889568
4.45335627
4.44780874
4.44225645
4.43669748
4.43112659
4.42554569
4.41995621
4.41435814
4.40875149
4.40313530
4.39750814
4.39186525
4.38620710
4.38053226
4.37483788
4.36911774
4.36336708
4.35758877
4.35178471
4.34595680
4.34010601
4.33423758
4.32834959
4.32244301
4.31651640
4.31057215
4.30460835
4.29862165
4.29261208
4.28657818
4.28052092
4.27443695
4.26832867
4.26219702
4.25604010
4.24985600
4.24364805
4.23742199
4.23117876
4.22491264
4.21862173
4.21230841
4.20597219
4.19960928
4.19321775
4.18679619
4.18034744
4.17386818
4.16736221
4.16083097
4.15427208
4.14767981
4.14105225
4.13439417
4.12770796
4.12099409
4.11425352
4.10749578
4.10072136
4.09392452
4.08709717
4.08024216
4.07336473
4.06646347
4.05953074
4.05256462
4.04556847
4.03853893
4.03147030
4.02435827
4.01720715
4.01001787
4.00278234
3.99549270
3.98814511
3.98073936
3.97327113
3.96573710
3.95813537
3.95046949
3.94273973
3.93494010
3.92706585
3.91911721
3.91109633
3.90300584
3.89484072
3.88659906
3.87828445
3.86991525
3.86152506
3.85314870
3.84480810
3.83649921
3.82820964
3.81993389
3.81167483
3.80343485
3.79520845
3.78699207
3.77878547
3.77058959
3.76240253
3.75422263
3.74605227
3.73788881
3.72972655
3.72155786
3.71338296
3.70520282
3.69702268
3.68884778
3.68068361
3.67253041
3.66438508
3.65624619
3.64811802
3.64000249
3.63189721
3.62380195
3.61571956
3.60765290
3.59959888
3.59155345
3.58351970
3.57550287
3.56750250
3.55953288
3.55160046
3.54370856
3.53585529
3.52803588
3.52024674
3.51248860
3.50476146
3.49706578
3.48940086
3.48176336
3.47415042
3.46656108
3.45899916
3.45146656
3.44395828
3.43647361
3.42902231
3.42161512
3.41424394
3.40689063
3.39954424
3.39220810
3.38488126
3.37755370
3.37021708
3.36286950
3.35551214
3.34813881
3.34074092
3.33331394
3.32585716
3.31836867
3.31084061
3.30326724
3.29564095
3.28795242
3.28019667
3.27237749
3.26450419
3.25658154
3.24860644
3.24057388
3.23248506
3.22434616
3.21615744
3.20791197
3.19960570
3.19124460
3.18283629
3.17438126
3.16586924
3.15729427
3.14866853
3.14002371
3.13140297
3.12283754
3.11433983
3.10590339
3.09752083
3.08918810
3.08090353
3.07266617
3.06447434
3.05633044
3.04823542
3.04018116
3.03216219
3.02418089
3.01624155
3.00833774
3.00045514
2.99258757
2.98474503
2.97693992
2.96917701
2.96145701
2.95378208
2.94615602
2.93858027
2.93105555
2.92357993
2.91615319
2.90877700
2.90145278
2.89417982
2.88695359
2.87977195
2.87263799
2.86555648
2.85852194
2.85152721
2.84457159
2.83766341
2.83081102
2.82401490
2.81727219
2.81058478
2.80395746
2.79739285
2.79089212
2.78445363
2.77807617
2.77176213
2.76551962
2.75935173
2.75325775
2.74723721
2.74129605
2.73543239
2.72962189
2.72382784
2.71803403
2.71225095
2.70648980
2.70074439
2.69500256
2.68926334
2.68353558
2.67782283
2.67212009
2.66642284
2.66073275
2.65505362
2.64938354
2.64371824
2.63805199
2.63237643
2.62666845
2.62090802
2.61510611
2.60926843
2.60339427
2.59748387
2.59153938
2.58556509
2.57956409
2.57353568
2.56747961
2.56139755
2.55529404
2.54917216
2.54303193
2.53686833
2.53068781
2.52451897
2.51840425
2.51238227
2.50646734
2.50065064
2.49491620
2.48925900
2.48367953
2.47817659
2.47274446
2.46738052
2.46208310
2.45684958
2.45167661
2.44656062
2.44150472
2.43650913
2.43156934
2.42667747
2.42182899
2.41702437
2.41226435
2.40755105
2.40288854
2.39827967
2.39372563
2.38922691
2.38478327
2.38039589
2.37606406
2.37178969
2.36757612
2.36342645
2.35933757
2.35530829
2.35134196
2.34744310
2.34361005
2.33983898
2.33613205
2.33249235
2.32892084
2.32541418
2.32197094
2.31859159
2.31527877
2.31203294
2.30885482
2.30574512
2.30270338
2.29973054
2.29682708
2.29399467
2.29123616
2.28855538
2.28594804
2.28338695
2.28082681
2.27823257
2.27559948
2.27293921
2.27025771
2.26754546
2.26479650
2.26201773
2.25921464
2.25638437
2.25352311
2.25063038
2.24770951
2.24476171
2.24178529
2.23877978
2.23574233
2.23266840
2.22955942
2.22642446
2.22327685
2.22012353
2.21696734
2.21380949
2.21065664
2.20751739
2.20439744
2.20129633
2.19821382
2.19515824
2.19214439
2.18917894
2.18625808
2.18338203
2.18057394
2.17787576
2.17532778
2.17294741
2.17072988
2.16866708
2.16675258
2.16498446
2.16335964
2.16187572
2.16053081
2.15932751
2.15826535
2.15734148
2.15655541
2.15590978
2.15540624
2.15504360
2.15481734
2.15472674
2.15474248
2.15483022
2.15498805
2.15521359
2.15550709
2.15586901
2.15629721
2.15678930
2.15734506
2.15796423
2.15864658
2.15939045
2.16019487
2.16105676
2.16197157
2.16293764
2.16395473
2.16501975
2.16612554
2.16726732
2.16844630
2.16966748
2.17093086
2.17223263
2.17357135
2.17494869
2.17636681
2.17782402
2.17931628
2.18084216
2.18240190
2.18399525
2.18562222
2.18728447
2.18898678
2.19073057
2.19250607
2.19429135
2.19606042
2.19780016
2.19951415
2.20121074
2.20289040
2.20454836
2.20618129
2.20779371
2.20938897
2.21096730
2.21252632
2.21406770
2.21559715
2.21711636
2.21862197
2.22010851
2.22157407
2.22302604
2.22447705
2.22593880
2.22742057
2.22892737
2.23046136
2.23202324
2.23361635
2.23524690
2.23691940
2.23863530
2.24039435
2.24219823
2.24405193
2.24595499
2.24790335
2.24989581
2.25193810
2.25403881
2.25620127
2.25842595
2.26071024
2.26305223
2.26545095
2.26790571
2.27041602
2.27298188
2.27560449
2.27828407
2.28102160
2.28381586
2.28666663
2.28957820
2.29255557
2.29560208
2.29871702
2.30189729
2.30514240
2.30845189
2.31182241
2.31525421
2.31874990
2.32231259
2.32594180
2.32963490
2.33339143
2.33721280
2.34109879
2.34505010
2.34906840
2.35315561
2.35731030
2.36153126
2.36581850
2.37017345
2.37459588
2.37908602
2.38364840
2.38828874
2.39300966
2.39781117
2.40269399
2.40766358
2.41272068
2.41786766
2.42310596
2.42843699
2.43385935
2.43936872
2.44496703
2.45065951
2.45644212
2.46229267
2.46815944
2.47399139
2.47978306
2.48553920
2.49127030
2.49698615
2.50269008
2.50838304
2.51406717
2.51974821
2.52543163
2.53111911
2.53680944
2.54250669
2.54821730
2.55394268
2.55968165
2.56543207
2.57119823
2.57698202
2.58278465
2.58861065
2.59446454
2.60035062
2.60626650
2.61221051
2.61818743
2.62420130
2.63025260
2.63634181
2.64246964
2.64863777
2.65484738
2.66109610
2.66737604
2.67366767
2.67994428
2.68618965
2.69240975
2.69862700
2.70485806
2.71110702
2.71737385
2.72366285
2.72997904
2.73632360
2.74269652
2.74910045
2.75553608
2.76199722
2.76848364
2.77499819
2.78154659
2.78812838
2.79473639
2.80136561
2.80801439
2.81468177
2.82136822
2.82807565
2.83481026
2.84157443
2.84836984
2.85519886
2.86206150
2.86895800
2.87588835
2.88285542
2.88986182
2.89690590
2.90398240
2.91109061
2.91822982
2.92539978
2.93259740
2.93982148
2.94707298
2.95435143
2.96165204
2.96897125
2.97630548
2.98365521
2.99102092
2.99840522
3.00580859
3.01323104
3.02067304
3.02813959
3.03563547
3.04316163
3.05071425
3.05828810
3.06588006
3.07348442
3.08109951
3.08872890
3.09638166
3.10406327
3.11177468
3.11951375
3.12728524
3.13509607
3.14294624
3.15083432
3.15875912
3.16672277
3.17472720
3.18277597
3.19087362
3.19901919
3.20720387
3.21541429
3.22364283
3.23188877
3.24015403
3.24843478
3.25672626
3.26502824
3.27334237
3.28166461
3.28998613
3.29830098
3.30660844
3.31490564
3.32318711
3.33143687
3.33963394
3.34774828
3.35576367
3.36367774
3.37151718
3.37930727
3.38705850
3.39477062
3.40244532
3.41009164
3.41771340
3.42531180
3.43289018
3.44045496
3.44800878
3.45555162
3.46308589
3.47061753
3.47814918
3.48567533
3.49318910
3.50068688
3.50816798
3.51563382
3.52308393
3.53051972
3.53794146
3.54534721
3.55273962
3.56011939
3.56748605
3.57483721
3.58217478
3.58950162
3.59681726
3.60411668
3.61139894
3.61866665
3.62592483
3.63317370
3.64041615
3.64765763
3.65490365
3.66215515
3.66941118
3.67667294
3.68394351
3.69122481
3.69851971
3.70582962
3.71315265
3.72048736
3.72783971
3.73521519
3.74261522
3.75004840
3.75753713
3.76511598
3.77279615
3.78056216
3.78838944
3.79627514
3.80422592
3.81224322
3.82031536
3.82843494
3.83660579
3.84483171
3.85310674
3.86142540
3.86978912
3.87820029
3.88665628
3.89515448
3.90369034
3.91225481
3.92083216
3.92940640
3.93797112
3.94652987
3.95507860
3.96360660
3.97210026
3.98055816
3.98897982
3.99735856
4.00568199
4.01393843
4.02212477
4.03024006
4.03827286
4.04619455
4.05396271
4.06154346
4.06892967
4.07615089
4.08324718
4.09024668
4.09715652
4.10398197
4.11073399
4.11741972
4.12404394
4.13061094
4.13712835
4.14359951
4.15001774
4.15638161
4.16269588
4.16896677
4.17518711
4.18134451
4.18743658
4.19346666
4.19943714
4.20534325
4.21118450
4.21696568
4.22268963
4.22835684
4.23396730
4.23952293
4.24502230
4.25046635
4.25585699
4.26119709
4.26648617
4.27172136
4.27690268
4.28202391
4.28711033
4.29217243
4.29721498
4.30224371
4.30726576
4.31227922
4.31728268
4.32227564
4.32725859
4.33223343
4.33720160
4.34216213
4.34711552
4.35206699
4.35702085
4.36198282
4.36695814
4.37196732
4.37704325
4.38220596
4.38744783
4.39274120
4.39807081
4.40343952
4.40885115
4.41429853
4.41977167
4.42526722
4.43079090
4.43634319
4.44191694
4.44750881
4.45311499
4.45873451
4.46436977
4.47001791
4.47567081
4.48130989
4.48691559
4.49247789
4.49799299
4.50345993
4.50887442
4.51423168
4.51952648
4.52476025
4.52993250
4.53503704
4.54006672
4.54501295
4.54987955
4.55466509
4.55935764
4.56393099
4.56836033
4.57263565
4.57677174
4.58079386
4.58472538
4.58857632
4.59235001
4.59605265
4.59969091
4.60326672
4.60678196
4.61023855
4.61364365
4.61699867
4.62030268
4.62355661
4.62676859
4.62994194
4.63307238
4.63614798
4.63916397
4.64212275
4.64502668
4.64787960
4.65068102
4.65343285
4.65613651
4.65879345
4.66140509
4.66397238
4.66649246
4.66896772
4.67140293
4.67379808
4.67615032
4.67845774
4.68072557
4.68295908
4.68515396
4.68730640
4.68941164
4.69147348
4.69349337
4.69547367
4.69741011
4.69930267
4.70115662
4.70297623
4.70476389
4.70651627
4.70823479
4.70992422
4.71158981
4.71323538
4.71487665
4.71654701
4.71827507
4.72006083
4.72186995
4.72366476
4.72543383
4.72717714
4.72888803
4.73054838
4.73214674
4.73367929
4.73514462
4.73653364
4.73783731
4.73905039
4.74017048
4.74119568
4.74212646
4.74294996
4.74369717
4.74437809
4.74498081
4.74550104
4.74593925
4.74629450
4.74656343
4.74673939
4.74682045
4.74680424
4.74668932
4.74646950
4.74613762
4.74569464
4.74514246
4.74447775
4.74368763
4.74276304
4.74170589
4.74053144
4.73925352
4.73788548
4.73643255
4.73490191
4.73330021
4.73163033
4.72989607
4.72810030
4.72624779
4.72434568
4.72239876
4.72040796
4.71837139
4.71629286
4.71417427
4.71201849
4.70982313
4.70758963
4.70532417
4.70302868
4.70069981
4.69833517
4.69593239
4.69349670
4.69102764
4.68852568
4.68599081
4.68342447
4.68082952
4.67820501
4.67555285
4.67287493
4.67017460
4.66745520
4.66471863
4.66196203
4.65918493
4.65638924
4.65358019
4.65076256
4.64793634
4.64510393
4.64226580
4.63942432
4.63657761
4.63372374
4.63086176
4.62799501
4.62512493
4.62224865
4.61936665
4.61648655
4.61363554
4.61084366
4.60812807
4.60547638
4.60286236
4.60026360
4.59767199
4.59508276
4.59248877
4.58987761
4.58724070
4.58457565
4.58187962
4.57914782
4.57637262
4.57354975
4.57067633
4.56774759
4.56475925
4.56170416
4.55857801
4.55537844
4.55209923
4.54873848
4.54529381
4.54176569
4.53815031
4.53444529
4.53065109
4.52677107
4.52280378
4.51874304
4.51458979
4.51034737
4.50602055
4.50160885
4.49711657
4.49255514
4.48793077
4.48323727
4.47846270
4.47359943
4.46864986
4.46361351
4.45848656
4.45326853
4.44795847
4.44255543
4.43705606
4.43146515
4.42578506
4.42001820
4.41415977
4.40821314
4.40218544
4.39607573
4.38992119
4.38374805
4.37755919
4.37135792
4.36514235
4.35891056
4.35266447
4.34640741
4.34013700
4.33385515
4.32756281
4.32126188
4.31495190
4.30863285
4.30230522
4.29597187
4.28963423
4.28328848
4.27693415
4.27056503
4.26417923
4.25777483
4.25135517
4.24492502
4.23848581
4.23203802
4.22558117
4.21911669
4.21264315
4.20616007
4.19966698
4.19316101
4.18664217
4.18010855
4.17356300
4.16700983
4.16045380
4.15389919
4.14734745
4.14079428
4.13423157
4.12765169
4.12105560
4.11444664
4.10782194
4.10117674
4.09451008
4.08782721
4.08112907
4.07441711
4.06768894
4.06094885
4.05419588
4.04742813
4.04064560
4.03385830
4.02707386
4.02029467
4.01351738
4.00674534
3.99998212
3.99323010
3.98648477
3.97974801
3.97302723
3.96633005
3.95965672
3.95300508
3.94637704
3.93978024
3.93322659
3.92672372
3.92027235
3.91385818
3.90745664
3.90104151
3.89459705
3.88812160
3.88161826
3.87508678
3.86852074
3.86191559
3.85526919
3.84858084
3.84184980
3.83507347
3.82825041
3.82138062
3.81446862
3.80752110
3.80054379
3.79353905
3.78650165
3.77942586
3.77230620
3.76514244
3.75793624
3.75069022
3.74340320
3.73607516
3.72870684
3.72130013
3.71385765
3.70637798
3.69886398
3.69131994
3.68374705
3.67614675
3.66851807
3.66086245
3.65318251
3.64547229
3.63772440
3.62993598
3.62211204
3.61425638
3.60637069
3.59845114
3.59049964
3.58252096
3.57452297
3.56650758
3.55847168
3.55041265
3.54233241
3.53423643
3.52612138
3.51796961
3.50978160
3.50157142
3.49335432
3.48513770
3.47691488
3.46868181
3.46044922
3.45222664
3.44401073
3.43579412
3.42757940
3.41937733
3.41118908
3.40300941
3.39484024
3.38669133
3.37856984
3.37048101
3.36243534
3.35444498
3.34651423
3.33863592
3.33080816
3.32303977
3.31533718
3.30769897
3.30012298
3.29261351
3.28517771
3.27781582
3.27052855
3.26331711
3.25618672
3.24914336
3.24219847
3.23536181
3.22862625
3.22195721
3.21531224
3.20866561
3.20201302
3.19535661
3.18869114
3.18201208
3.17531586
3.16860628
3.16188025
3.15513587
3.14837575
3.14160752
3.13483191
3.12804508
3.12124825
3.11445355
3.10767436
3.10091329
3.09416127
3.08741069
3.08066010
3.07390833
3.06714892
3.06037474
3.05358434
3.04677987
3.03996181
3.03312445
3.02626467
3.01938128
3.01247668
3.00555062
2.99860144
2.99162674
2.98462844
2.97761035
2.97057319
2.96351147
2.95642161
2.94930434
2.94216418
2.93500257
2.92781687
2.92060542
2.91336894
2.90610790
2.89882112
2.89150286
2.88414955
2.87675834
2.86932445
2.86183810
2.85428929
2.84667730
2.83902192
2.83135891
2.82371640
2.81609845
2.80849767
2.80091763
2.79337502
2.78587961
2.77842832
2.77101827
2.76365829
2.75636029
2.74913025
2.74196935
2.73488235
2.72787714
2.72096157
2.71414661
2.70744896
2.70088100
2.69444323
2.68813229
2.68194985
2.67590261
2.66999364
2.66421890
2.65857720
2.65307450
2.64772010
2.64251757
2.63746405
2.63255739
2.62780428
2.62322021
2.61881185
2.61455870
2.61040115
2.60627604
2.60216141
2.59805489
2.59395957
2.58987498
2.58580136
2.58173990
2.57768917
2.57364678
2.56961131
2.56558394
2.56156468
2.55754924
2.55353403
2.54951811
2.54550743
2.54150534
2.53751874
2.53354549
2.52957988
2.52561617
2.52165222
2.51768589
2.51371408
2.50973535
2.50574994
2.50175858
2.49775767
2.49374437
2.48971748
2.48567939
2.48162985
2.47756839
2.47349405
2.46940541
2.46530056
2.46117783
2.45703530
2.45287061
2.44867921
2.44445896
2.44020963
2.43593264
2.43162322
2.42727661
2.42289042
2.41846800
2.41401124
2.40951681
2.40497899
2.40039706
2.39576697
2.39107585
2.38630509
2.38145590
2.37656283
2.37167263
2.36681032
2.36197567
2.35716605
2.35239649
2.34768462
2.34303451
2.33844113
2.33390903
2.32945228
2.32507586
2.32077646
2.31655335
2.31241632
2.30837345
2.30443263
2.30060267
2.29689288
2.29330182
2.28981781
2.28643560
2.28315997
2.27999878
2.27695084
2.27401137
2.27118158
2.26846933
2.26587892
2.26340795
2.26105332
2.25881529
2.25670314
2.25472808
2.25288630
2.25115275
2.24948621
2.24785757
2.24625731
2.24468803
2.24314833
2.24163508
2.24015021
2.23869586
2.23727131
2.23587132
2.23449683
2.23315334
2.23184657
2.23057532
2.22933912
2.22814298
2.22699618
2.22590637
2.22487164
2.22388816
2.22295451
2.22207665
2.22125816
2.22049832
2.21979547
2.21915150
2.21857142
2.21805644
2.21760654
2.21722221
2.21690655
2.21666265
2.21649075
2.21639180
2.21636868
2.21642804
2.21654153
2.21667385
2.21682239
2.21697855
2.21713591
2.21729493
2.21745896
2.21762657
2.21779275
2.21795797
2.21812725
2.21830153
2.21847773
2.21865177
2.21882248
2.21898890
2.21914101
2.21926641
2.21936870
2.21947026
2.21960425
2.21979141
2.22003245
2.22032118
2.22065830
2.22105265
2.22150874
2.22202229
2.22258735
2.22320461
2.22387791
2.22460818
2.22539234
2.22623062
2.22712803
2.22809100
2.22912431
2.23022771
2.23139882
2.23263288
2.23392463
2.23527074
2.23667192
2.23812699
2.23963261
2.24118304
2.24277449
2.24440789
2.24608350
2.24779963
2.24955034
2.25133324
2.25315022
2.25499940
2.25686431
2.25872111
2.26055884
2.26238155
2.26419711
2.26600671
2.26780963
2.26961040
2.27141356
2.27322221
2.27503657
2.27685857
2.27869296
2.28053975
2.28239775
2.28426576
2.28614330
2.28802800
2.28992152
2.29182982
2.29376078
2.29571676
2.29769635
2.29969835
2.30172253
2.30377197
2.30584574
2.30794501
2.31007099
2.31222367
2.31440258
2.31660819
2.31883955
2.32109857
2.32338667
2.32570601
2.32805514
2.33043575
2.33285260
2.33531094
2.33780885
2.34034252
2.34291053
2.34551477
2.34815574
2.35082793
2.35352755
2.35625529
2.35901284
2.36179924
2.36461520
2.36746454
2.37034726
2.37325740
2.37619400
2.37916946
2.38220549
2.38532877
2.38855815
2.39190435
2.39536929
2.39895129
2.40265179
2.40647840
2.41043639
2.41452312
2.41873884
2.42308593
2.42756629
2.43217659
2.43691301
2.44177628
2.44677019
2.45189214
2.45710301
2.46235728
2.46765065
2.47297597
2.47832370
2.48368955
2.48907304
2.49447131
2.49987745
2.50528669
2.51069689
2.51610684
2.52151251
2.52691007
2.53229880
2.53767991
2.54305387
2.54842496
2.55380201
2.55919123
2.56459570
2.57001233
2.57543540
2.58086133
2.58628893
2.59171748
2.59714580
2.60257196
2.60799313
2.61340737
2.61881185
2.62420702
2.62959027
2.63495779
2.64030242
2.64561749
2.65090442
2.65617204
2.66142797
2.66667533
2.67191100
2.67713428
2.68234706
2.68755269
2.69275141
2.69794393
2.70313096
2.70831633
2.71350145
2.71868658
2.72387409
2.72906590
2.73426723
2.73948002
2.74470329
2.74993992
2.75519395
2.76046753
2.76575828
2.77106428
2.77638912
2.78173780
2.78710842
2.79249573
2.79789758
2.80331206
2.80874062
2.81418300
2.81963992
2.82510924
2.83058500
2.83606482
2.84155917
2.84708023
2.85263157
2.85821557
2.86383700
2.86950254
2.87520957
2.88095069
2.88672280
2.89253139
2.89837861
2.90425873
2.91017151
2.91611958
2.92210150
2.92811060
2.93414140
2.94019556
2.94627142
2.95236278
2.95846558
2.96458435
2.97072387
2.97688031
2.98304749
2.98922753
2.99542332
3.00163317
3.00785565
3.01409435
3.02035475
3.02663708
3.03293872
3.03926229
3.04561472
3.05200601
3.05845642
3.06499887
3.07166147
3.07845283
3.08535814
3.09235668
3.09943795
3.10659790
3.11383247
3.12113738
3.12851048
3.13594460
3.14343214
3.15096593
3.15854311
3.16616511
3.17382908
3.18152690
3.18924975
3.19699121
3.20474577
3.21249580
3.22024345
3.22798944
3.23573422
3.24347663
3.25121593
3.25895309
3.26668906
3.27442360
3.28215384
3.28987789
3.29759908
3.30532122
3.31304193
3.32075977
3.32847428
3.33618975
3.34391069
3.35163784
3.35936999
3.36710119
3.37482500
3.38254046
3.39024997
3.39795923
3.40566468
3.41336250
3.42105079
3.42873454
3.43641949
3.44410539
3.45178890
3.45946598
3.46713734
3.47480369
3.48245788
3.49007893
3.49764538
3.50515342
3.51261115
3.52002549
3.52738786
3.53468966
3.54193234
3.54912043
3.55625153
3.56331968
3.57032514
3.57727003
3.58415151
3.59096289
3.59770536
3.60438251
3.61099529
3.61753988
3.62402415
3.63046169
3.63686037
3.64321947
3.64953971
3.65582561
3.66208243
3.66830993
3.67450929
3.68068385
3.68683910
3.69297743
3.69910312
3.70521784
3.71132708
3.71745110
3.72363329
3.72992444
3.73634815
3.74289417
3.74953771
3.75626040
3.76305413
3.76990843
3.77681661
3.78377700
3.79078913
3.79784775
3.80494189
3.81206727
3.81922555
3.82641816
3.83363867
3.84087467
3.84811831
3.85537291
3.86264896
3.86995101
3.87727547
3.88461351
3.89196014
3.89931250
3.90666747
3.91402054
3.92136765
3.92870617
3.93603277
3.94334078
3.95062685
3.95789146
3.96513200
3.97234464
3.97952414
3.98666978
3.99378252
4.00086546
4.00791836
4.01493597
4.02191257
4.02884626
4.03574324
4.04260397
4.04942083
4.05618238
4.06288242
4.06952238
4.07610178
4.08261299
4.08904457
4.09538794
4.10163832
4.10777617
4.11380577
4.11971283
4.12548876
4.13114595
4.13669968
4.14215279
4.14749718
4.15273380
4.15786839
4.16290617
4.16784668
4.17268801
4.17743969
4.18210506
4.18668175
4.19116402
4.19555330
4.19985008
4.20405483
4.20817757
4.21223783
4.21625280
4.22022676
4.22415876
4.22805023
4.23190737
4.23573208
4.23952484
4.24329185
4.24704123
4.25077677
4.25449896
4.25821066
4.26191616
4.26562691
4.26936913
4.27317619
4.27707148
4.28105497
4.28511381
4.28923416
4.29340935
4.29763079
4.30189276
4.30619287
4.31053495
4.31491756
4.31932878
4.32376146
4.32821369
4.33268690
4.33717918
4.34168625
4.34620047
4.35071802
4.35524178
4.35977888
4.36433172
4.36889791
4.37347317
4.37805557
4.38264799
4.38724995
4.39186239
4.39647961
4.40109968
4.40572071
4.41034365
4.41496706
4.41959095
4.42421103
4.42882299
4.43342257
4.43800497
4.44256878
4.44711447
4.45164108
4.45614243
4.46061277
4.46504974
4.46945620
4.47383165
4.47816563
4.48245096
4.48668909
4.49088383
4.49503088
4.49912357
4.50315523
4.50712347
4.51100779
4.51476812
4.51835680
4.52174997
4.52495575
4.52799845
4.53088951
4.53362465
4.53619909
4.53861809
4.54088974
4.54301596
4.54499149
4.54681826
4.54850245
4.55004025
4.55142784
4.55266333
4.55375099
4.55469179
4.55548859
4.55615044
4.55668879
4.55711269
4.55742359
4.55762100
4.55771160
4.55770111
4.55759192
4.55738497
4.55708456
4.55669737
4.55622721
4.55567408
4.55503750
4.55432415
4.55354977
4.55273438
4.55195045
4.55123758
4.55058241
4.54997110
4.54939604
4.54885435
4.54833651
4.54783678
4.54735851
4.54690361
4.54646873
4.54604673
4.54563665
4.54524565
4.54487658
4.54452991
4.54420328
4.54389572
4.54360723
4.54333258
4.54307175
4.54282284
4.54258633
4.54236078
4.54214382
4.54193211
4.54172421
4.54152155
4.54131985
4.54111576
4.54090595
4.54069138
4.54047203
4.54024220
4.53999853
4.53973913
4.53946590
4.53918028
4.53888273
4.53857422
4.53825235
4.53791428
4.53755617
4.53718376
4.53679991
4.53640461
4.53599119
4.53555870
4.53511095
4.53464556
4.53415823
4.53364515
4.53310776
4.53253794
4.53191328
4.53120327
4.53038549
4.52945614
4.52842379
4.52729893
4.52608585
4.52478695
4.52340031
4.52192926
4.52037811
4.51874733
4.51703739
4.51525307
4.51340008
4.51147890
4.50948954
4.50743151
4.50531054
4.50313139
4.50089979
4.49862099
4.49630547
4.49395943
4.49158144
4.48916769
4.48671770
4.48423433
4.48171520
4.47915649
4.47655964
4.47392464
4.47124720
4.46852064
4.46573925
4.46289873
4.45999432
4.45701838
4.45396519
4.45084095
4.44765091
4.44439936
4.44108248
4.43769550
4.43423700
4.43070841
4.42711163
4.42344761
4.41971445
4.41590834
4.41202593
4.40806866
4.40403986
4.39994001
4.39576578
4.39151335
4.38718081
4.38276958
4.37827921
4.37370872
4.36905718
4.36432409
4.35950899
4.35461235
4.34963322
4.34457064
4.33942223
4.33418560
4.32885933
4.32344532
4.31794310
4.31234884
4.30665922
4.30087137
4.29503155
4.28917933
4.28332090
4.27746010
4.27159691
4.26572704
4.25985241
4.25397968
4.24811363
4.24225283
4.23639631
4.23054886
4.22471142
4.21888685
4.21307373
4.20727491
4.20148611
4.19569540
4.18988657
4.18404818
4.17817879
4.17228413
4.16637230
4.16045141
4.15452814
4.14860153
4.14267206
4.13674259
4.13081598
4.12489128
4.11896706
4.11304808
4.10713530
4.10122919
4.09532595
4.08942938
4.08353901
4.07765150
4.07176018
4.06586647
4.05997419
4.05408573
4.04819632
4.04230261
4.03640461
4.03050089
4.02458286
4.01864815
4.01269627
4.00672388
4.00072336
3.99468327
3.98859262
3.98242974
3.97616792
3.96979213
3.96331573
3.95677018
3.95017982
3.94355154
3.93688416
3.93018174
3.92344880
3.91669035
3.90991068
3.90311432
3.89630294
3.88947105
3.88261509
3.87573552
3.86883783
3.86191773
3.85496402
3.84796953
3.84093809
3.83387637
3.82678699
3.81966782
3.81251836
3.80534196
3.79813981
3.79091287
3.78365993
3.77638197
3.76907778
3.76174474
3.75438237
3.74699068
3.73957086
3.73212051
3.72463393
3.71710634
3.70953918
3.70193839
3.69431019
3.68665433
3.67896509
3.67123842
3.66347480
3.65567732
3.64784598
3.63997722
3.63206816
3.62412000
3.61614037
3.60813689
3.60011268
3.59206676
3.58400083
3.57592654
3.56785274
3.55977726
3.55168986
3.54359055
3.53548861
3.52739477
3.51930690
3.51122189
3.50314426
3.49508214
3.48703623
3.47900438
3.47098875
3.46299434
3.45501924
3.44705939
3.43911552
3.43118930
3.42328668
3.41540051
3.40751791
3.39963913
3.39176655
3.38389587
3.37602425
3.36815119
3.36027670
3.35239530
3.34450173
3.33659506
3.32867360
3.32073164
3.31276107
3.30475020
3.29668117
3.28853345
3.28030109
3.27200150
3.26366901
3.25532985
3.24699473
3.23866510
3.23034334
3.22202897
3.21372271
3.20542526
3.19714189
3.18887448
3.18061924
3.17237186
3.16413331
3.15590978
3.14770389
3.13950920
3.13130999
3.12309694
3.11487007
3.10663748
3.09840727
3.09018111
3.08195806
3.07373786
3.06552315
3.05731797
3.04912210
3.04093575
3.03275752
3.02458715
3.01642632
3.00827456
3.00013089
2.99199462
2.98386693
2.97574949
2.96764445
2.95955825
2.95149374
2.94345093
2.93542409
2.92741323
2.91942430
2.91146588
2.90354300
2.89565468
2.88779926
2.87998438
2.87222028
2.86451650
2.85687852
2.84931612
2.84184909
2.83450198
2.82727599
2.82014322
2.81306863
2.80603909
2.79906249
2.79214191
2.78526354
2.77841496
2.77159834
2.76481438
2.75805545
2.75131321
2.74458909
2.73788619
2.73119950
2.72452211
2.71785212
2.71118474
2.70450401
2.69779134
2.69104028
2.68425846
2.67744970
2.67060804
2.66372895
2.65681458
2.64986348
2.64286733
2.63581920
2.62871957
2.62157154
2.61437082
2.60710502
2.59975576
2.59230518
2.58475256
2.57712340
2.56946063
2.56180215
2.55417037
2.54657483
2.53902364
2.53152370
2.52407742
2.51668859
2.50937057
2.50213432
2.49498677
2.48792410
2.48094583
2.47406006
2.46727586
2.46059203
2.45399857
2.44746709
2.44097590
2.43453193
2.42814064
2.42179918
2.41550612
2.40926409
2.40307307
2.39693141
2.39084148
2.38480783
2.37882972
2.37290144
2.36701894
2.36118698
2.35540986
2.34968662
2.34400964
2.33837461
2.33278418
2.32724500
2.32176304
2.31634307
2.31098461
2.30568242
2.30043578
2.29525113
2.29013443
2.28508162
2.28008175
2.27513385
2.27024674
2.26542974
2.26068330
2.25600839
2.25142789
2.24697518
2.24266887
2.23848987
2.23439765
2.23036170
2.22637987
2.22245479
2.21857882
2.21473622
2.21092153
2.20713496
2.20337296
2.19962883
2.19589829
2.19218445
2.18848228
2.18478298
2.18107581
2.17735267
2.17360353
2.16981387
2.16597652
2.16209292
2.15816545
2.15419197
2.15016818
2.14609385
2.14196706
2.13778615
2.13355041
2.12925720
2.12490773
2.12050033
2.11603379
2.11150050
2.10688305
2.10216880
2.09736776
2.09251213
2.08763742
2.08276582
2.07790995
2.07308340
2.06829500
2.06354690
2.05883813
2.05417609
2.04957175
2.04503036
2.04054737
2.03612018
2.03175211
2.02744913
2.02321577
2.01904869
2.01493955
2.01088548
2.00688982
2.00296307
1.99911392
1.99534655
1.99166250
1.98806679
1.98456633
1.98116601
1.97786915
1.97468090
1.97160470
1.96864367
1.96580064
1.96308017
1.96048701
1.95802295
1.95568442
1.95346558
1.95136440
1.94938600
1.94753873
1.94582534
1.94424176
1.94278598
1.94146168
1.94027722
1.93923712
1.93833864
1.93758285
1.93697560
1.93652606
1.93624127
1.93612933
1.93620539
1.93648970
1.93694878
1.93752325
1.93817735
1.93887782
1.93961096
1.94037771
1.94117630
1.94199443
1.94282079
1.94365370
1.94449329
1.94533348
1.94616425
1.94698179
1.94778681
1.94857657
1.94934320
1.95008028
1.95078158
1.95143843
1.95203781
1.95257366
1.95304811
1.95346677
1.95382881
1.95413339
1.95438218
1.95457792
1.95472002
1.95480478
1.95483303
1.95481050
1.95474231
1.95462465
1.95445156
1.95422840
1.95397675
1.95372236
1.95347857
1.95324564
1.95302188
1.95281196
1.95262027
1.95244479
1.95228040
1.95212615
1.95198619
1.95186567
1.95176697
1.95169115
1.95163906
1.95161331
1.95161927
1.95166111
1.95173812
1.95184624
1.95198214
1.95214975
1.95235395
1.95259726
1.95287931
1.95320141
1.95356476
1.95397115
1.95442498
1.95493186
1.95549560
1.95611501
1.95679045
1.95752621
1.95832944
1.95920467
1.96015227
1.96117234
1.96226478
1.96343029
1.96467257
1.96599746
1.96740937
1.96890914
1.97049856
1.97218239
1.97396779
1.97585404
1.97783780
1.97991812
1.98209715
1.98437846
1.98676252
1.98925650
1.99187505
1.99463630
1.99754357
2.00057888
2.00371194
2.00692081
2.01019788
2.01354313
2.01695108
2.02041221
2.02391911
2.02747130
2.03106904
2.03470850
2.03838754
2.04210854
2.04587364
2.04967928
2.05351901
2.05739141
2.06130075
2.06525040
2.06924081
2.07327271
2.07735062
2.08147621
2.08564925
2.08986974
2.09414077
2.09846520
2.10284281
2.10727358
2.11175966
2.11630607
2.12091422
2.12558389
2.13031673
2.13512158
2.13997602
2.14484525
2.14972305
2.15460396
2.15948963
2.16438460
2.16929030
2.17420459
2.17912507
2.18405199
2.18898773
2.19393444
2.19889522
2.20386934
2.20885634
2.21385908
2.21888566
2.22394228
2.22902846
2.23413682
2.23926353
2.24440837
2.24957085
2.25475073
2.25994635
2.26515627
2.27038002
2.27561665
2.28086710
2.28613400
2.29141712
2.29671502
2.30202770
2.30735612
2.31270266
2.31806731
2.32344937
2.32884669
2.33425760
2.33968496
2.34513521
2.35061359
2.35612011
2.36165619
2.36722684
2.37283754
2.37849188
2.38419080
2.38993621
2.39572668
2.40156174
2.40744257
2.41337633
2.41936660
2.42540789
2.43149376
2.43762302
2.44379377
2.44999862
2.45622873
2.46248293
2.46876788
2.47508526
2.48142982
2.48779798
2.49419308
2.50061774
2.50707102
2.51355505
2.52007389
2.52663064
2.53322220
2.53984857
2.54651594
2.55323219
2.56000090
2.56682324
2.57370210
2.58064008
2.58763671
2.59469223
2.60180902
2.60898995
2.61623383
2.62354136
2.63091493
2.63835549
2.64586234
2.65343785
2.66107917
2.66877341
2.67648840
2.68419123
2.69186687
2.69951868
2.70715594
2.71478343
2.72240424
2.73002124
2.73763728
2.74525142
2.75286365
2.76047850
2.76810074
2.77573037
2.78336310
2.79099798
2.79864287
2.80630827
2.81399632
2.82170057
2.82941270
2.83713055
2.84485388
2.85258126
2.86031199
2.86804771
2.87578893
2.88353467
2.89128232
2.89903164
2.90678596
2.91454506
2.92230725
2.93006921
2.93783212
2.94559669
2.95335770
2.96110487
2.96881938
2.97649932
2.98414922
2.99177504
2.99937534
3.00694442
3.01448035
3.02198529
3.02946186
3.03691101
3.04433274
3.05172586
3.05908847
3.06641984
3.07372570
3.08100796
3.08825803
3.09546518
3.10263348
3.10978317
3.11692882
3.12406969
3.13120031
3.13832903
3.14546871
3.15262413
3.15979242
3.16697693
3.17418671
3.18142629
3.18869376
3.19599271
3.20333123
3.21071529
3.21814942
3.22563982
3.23319292
3.24080968
3.24848104
3.25620317
3.26397824
3.27180910
3.27969646
3.28764248
3.29565096
3.30372357
3.31185865
3.32005477
3.32831454
3.33664012
3.34503174
3.35349274
3.36201549
3.37057400
3.37912464
3.38763332
3.39608812
3.40449500
3.41285849
3.42117810
3.42945528
3.43769431
3.44589257
3.45404339
3.46214509
3.47020531
3.47823262
3.48622465
3.49417567
3.50208926
3.50997758
3.51785231
3.52570987
3.53353596
3.54131961
3.54906154
3.55676484
3.56442881
3.57204866
3.57962322
3.58715320
3.59463620
3.60207081
3.60945606
3.61679459
3.62408638
3.63132691
3.63851094
3.64564133
3.65272355
3.65976048
3.66674852
3.67367887
3.68054795
3.68735957
3.69411564
3.70081496
3.70745134
3.71402502
3.72053933
3.72700071
3.73341084
3.73976660
3.74606276
3.75229836
3.75847459
3.76459312
3.77065253
3.77665472
3.78261709
3.78856802
3.79453039
3.80049944
3.80645990
3.81240892
3.81835556
3.82430506
3.83025217
3.83618927
3.84211802
3.84804106
3.85395503
3.85985875
3.86575556
3.87165022
3.87754703
3.88344407
3.88937569
3.89535880
3.90138602
3.90745020
3.91354823
3.91968155
3.92584562
3.93203902
3.93826127
3.94451141
3.95078254
3.95707035
3.96337438
3.96969342
3.97602654
3.98237062
3.98871970
3.99504828
4.00131321
4.00747919
4.01353550
4.01948977
4.02535391
4.03113031
4.03682423
4.04244280
4.04798985
4.05346394
4.05886555
4.06420183
4.06948090
4.07470512
4.07987165
4.08497763
4.09002542
4.09502554
4.09998751
4.10491037
4.10978889
4.11461782
4.11939621
4.12412691
4.12880468
4.13342905
4.13800144
4.14252090
4.14698601
4.15139437
4.15574884
4.16005135
4.16429806
4.16848564
4.17261553
4.17669201
4.18071508
4.18468237
4.18859100
4.19244099
4.19623280
4.19996643
4.20364475
4.20726395
4.21081972
4.21430540
4.21772337
4.22107553
4.22435808
4.22756481
4.23069286
4.23374271
4.23671150
4.23959303
4.24239445
4.24514055
4.24786758
4.25060987
4.25337934
4.25616837
4.25896835
4.26178074
4.26461411
4.26747179
4.27034950
4.27324486
4.27616024
4.27909803
4.28205681
4.28503370
4.28802919
4.29104710
4.29408741
4.29714966
4.30023050
4.30332422
4.30641985
4.30950785
4.31258249
4.31564045
4.31867647
4.32168674
4.32466841
4.32761860
4.33053493
4.33340931
4.33623648
4.33901501
4.34174395
4.34442234
4.34703255
4.34953976
4.35190821
4.35412121
4.35618258
4.35810375
4.35988522
4.36152792
4.36303711
4.36441660
4.36566591
4.36677694
4.36774778
4.36858130
4.36928034
4.36984253
4.37025976
4.37052965
4.37065649
4.37063932
4.37051916
4.37032175
4.37004662
4.36969614
4.36927462
4.36878395
4.36822414
4.36759853
4.36690807
4.36615562
4.36533833
4.36445904
4.36352301
4.36253166
4.36148500
4.36038160
4.35922337
4.35801601
4.35676384
4.35546589
4.35411644
4.35271025
4.35124922
4.34973717
4.34817266
4.34654951
4.34486532
4.34312487
4.34133291
4.33948946
4.33759451
4.33564997
4.33365822
4.33161736
4.32952499
4.32738447
4.32520866
4.32301664
4.32083082
4.31866693
4.31652927
4.31440830
4.31229830
4.31020308
4.30812788
4.30607033
4.30402422
4.30199051
4.29996777
4.29795265
4.29593945
4.29392672
4.29192019
4.28992176
4.28792906
4.28593588
4.28393555
4.28191757
4.27987146
4.27779198
4.27568007
4.27353382
4.27134895
4.26912212
4.26685286
4.26453876
4.26217461
4.25975657
4.25728846
4.25476980
4.25219965
4.24957705
4.24690247
4.24417400
4.24138546
4.23853397
4.23561811
4.23263836
4.22959232
4.22648001
4.22330236
4.22006178
4.21675444
4.21337795
4.20993185
4.20641804
4.20284081
4.19919682
4.19547987
4.19168758
4.18781900
4.18388176
4.17988062
4.17581463
4.17168236
4.16748285
4.16321754
4.15888739
4.15448952
4.15002394
4.14549065
4.14089012
4.13622236
4.13148737
4.12668467
4.12181425
4.11687374
4.11186552
4.10679102
4.10165405
4.09645319
4.09118652
4.08584929
4.08043766
4.07494926
4.06938601
4.06374502
4.05802059
4.05220985
4.04631090
4.04032516
4.03424931
4.02808332
4.02182913
4.01548433
4.00904560
4.00251484
3.99590874
3.98928571
3.98268819
3.97611976
3.96957612
3.96305251
3.95654368
3.95004225
3.94354653
3.93705511
3.93056655
3.92407846
3.91758776
3.91109014
3.90458131
3.89805698
3.89151764
3.88496232
3.87838650
3.87178731
3.86516190
3.85851073
3.85182810
3.84510827
3.83834934
3.83155012
3.82470846
3.81782484
3.81089783
3.80392766
3.79691029
3.78984571
3.78273821
3.77559209
3.76840830
3.76119494
3.75397682
3.74678802
3.73964381
3.73253608
3.72544265
3.71834850
3.71124601
3.70413208
3.69700265
3.68985319
3.68268251
3.67548704
3.66826320
3.66100836
3.65372419
3.64641452
3.63907766
3.63170457
3.62428999
3.61684060
3.60936880
3.60188150
3.59437680
3.58684826
3.57929444
3.57171869
3.56412029
3.55649638
3.54884529
3.54116940
3.53346896
3.52574611
3.51800108
3.51023364
3.50244498
3.49463677
3.48681116
3.47897339
3.47112322
3.46326065
3.45538425
3.44749308
3.43958735
3.43167043
3.42374468
3.41580963
3.40786386
3.39990354
3.39192677
3.38392949
3.37591028
3.36786795
3.35979795
3.35169101
3.34354281
3.33535719
3.32714033
3.31889319
3.31061292
3.30230260
3.29396653
3.28560352
3.27720547
3.26876712
3.26029205
3.25178123
3.24323320
3.23464704
3.22602534
3.21736956
3.20867682
3.19994521
3.19117689
3.18236995
3.17352223
3.16463757
3.15573335
3.14682269
3.13790846
3.12898397
3.12005019
3.11111164
3.10217094
3.09322929
3.08429122
3.07536316
3.06644917
3.05755281
3.04867911
3.03983784
3.03104115
3.02231336
3.01368666
3.00518799
2.99680924
2.98852086
2.98029923
2.97213626
2.96402979
2.95597172
2.94795561
2.93998241
2.93205142
2.92415595
2.91628289
2.90842819
2.90059566
2.89278769
2.88499427
2.87720561
2.86942244
2.86165547
2.85391450
2.84619784
2.83849859
2.83081245
2.82314134
2.81548500
2.80784607
2.80022335
2.79261446
2.78501582
2.77742720
2.76985312
2.76229787
2.75475955
2.74723363
2.73972106
2.73222661
2.72475171
2.71729064
2.70983672
2.70238471
2.69493198
2.68747783
2.68002248
2.67256403
2.66509986
2.65762353
2.65013361
2.64262986
2.63511300
2.62758255
2.62003303
2.61246037
2.60485601
2.59721017
2.58950019
2.58169961
2.57378983
2.56577945
2.55769348
2.54955077
2.54134870
2.53308010
2.52474952
2.51636767
2.50793982
2.49946618
2.49094892
2.48239183
2.47379303
2.46515155
2.45647144
2.44775987
2.43902183
2.43026042
2.42149043
2.41272974
2.40398884
2.39526653
2.38656259
2.37788391
2.36923885
2.36063433
2.35207486
2.34356809
2.33511877
2.32673287
2.31841946
2.31018782
2.30204630
2.29401970
2.28615260
2.27848911
2.27103639
2.26375866
2.25661182
2.24957228
2.24263310
2.23578453
2.22901273
2.22231126
2.21568179
2.20912099
2.20261645
2.19615841
2.18975234
2.18340826
2.17712545
2.17089319
2.16470695
2.15857768
2.15251851
2.14653134
2.14060903
2.13474536
2.12894106
2.12319851
2.11751509
2.11188889
2.10631943
2.10080695
2.09534717
2.08993936
2.08458924
2.07930088
2.07407093
2.06889248
2.06376982
2.05871487
2.05371547
2.04874778
2.04380369
2.03887773
2.03396964
2.02908063
2.02421165
2.01936197
2.01452994
2.00971222
2.00490880
2.00011873
1.99534011
1.99056756
1.98579550
1.98101473
1.97621369
1.97136998
1.96645570
1.96144891
1.95634878
1.95117724
1.94595647
1.94069266
1.93538010
1.93001831
1.92461586
1.91917813
1.91370428
1.90819490
1.90265751
1.89709592
1.89150834
1.88589478
1.88026237
1.87461901
1.86896932
1.86332500
1.85770631
1.85213375
1.84661400
1.84114456
1.83572495
1.83036041
1.82505512
1.81981254
1.81463480
1.80952501
1.80448627
1.79952371
1.79464293
1.78984630
1.78514242
1.78055656
1.77612066
1.77185047
1.76772773
1.76371884
1.75980437
1.75597835
1.75223339
1.74855661
1.74494290
1.74139690
1.73792207
1.73450983
1.73114955
1.72784019
1.72458661
1.72139084
1.71824527
1.71514332
1.71208477
1.70908105
1.70614326
1.70327425
1.70046580
1.69770741
1.69499636
1.69233418
1.68972337
1.68716025
1.68463933
1.68215644
1.67971075
1.67730343
1.67493522
1.67260408
1.67030728
1.66804194
1.66580844
1.66360748
1.66144025
1.65930951
1.65721679
1.65516055
1.65313888
1.65115464
1.64921045
1.64730382
1.64542866
1.64358091
1.64176059
1.63996804
1.63819957
1.63645077
1.63471818
1.63299263
1.63125229
1.62946260
1.62759829
1.62565935
1.62367427
1.62167764
1.61969042
1.61771870
1.61576700
1.61384749
1.61197209
1.61014855
1.60838366
1.60668874
1.60507345
1.60354030
1.60209036
1.60072970
1.59946787
1.59831083
1.59723270
1.59621513
1.59527779
1.59442961
1.59366822
1.59299147
1.59240484
1.59191442
1.59152102
1.59122539
1.59103453
1.59095526
1.59098697
1.59112668
1.59137630
1.59174514
1.59224272
1.59287608
1.59364569
1.59454119
1.59554338
1.59663439
1.59780526
1.59905386
1.60037434
1.60175836
1.60320258
1.60470653
1.60626769
1.60787749
1.60952711
1.61121380
1.61294079
1.61470950
1.61651587
1.61835349
1.62022018
1.62211657
1.62404227
1.62599492
1.62796962
1.62996542
1.63198245
1.63402128
1.63608027
1.63815618
1.64024472
1.64234304
1.64444935
1.64656496
1.64869058
1.65082157
1.65295136
1.65507698
1.65720105
1.65932786
1.66145849
1.66359031
1.66571903
1.66784239
1.66996229
1.67208016
1.67419589
1.67630851
1.67841983
1.68053555
1.68266022
1.68479192
1.68692887
1.68907392
1.69123042
1.69338715
1.69551408
1.69757712
1.69956064
1.70147491
1.70334446
1.70519006
1.70702291
1.70884860
1.71067190
1.71250081
1.71434140
1.71619749
1.71807337
1.71997333
1.72190082
1.72385764
1.72584760
1.72787750
1.72995567
1.73208690
1.73427463
1.73652482
1.73884463
1.74124026
1.74371338
1.74626589
1.74890101
1.75162089
1.75442767
1.75732303
1.76030898
1.76338756
1.76655889
1.76982284
1.77317953
1.77662826
1.78016520
1.78378415
1.78747928
1.79124975
1.79509723
1.79902506
1.80303633
1.80712879
1.81130183
1.81555617
1.81989586
1.82432628
1.82884967
1.83346319
1.83816504
1.84295738
1.84784567
1.85283172
1.85791075
1.86307704
1.86830151
1.87355399
1.87883663
1.88414645
1.88947999
1.89483654
1.90021741
1.90562177
1.91104794
1.91649413
1.92195725
1.92743301
1.93291962
1.93841720
1.94392574
1.94944084
1.95495570
1.96046960
1.96598780
1.97151589
1.97705388
1.98259652
1.98814034
1.99368382
1.99922633
2.00476384
2.01029420
2.01581740
2.02133393
2.02684307
2.03234363
2.03783631
2.04332590
2.04881334
2.05429435
2.05976081
2.06520772
2.07063508
2.07604408
2.08144164
2.08683538
2.09223580
2.09764814
2.10307360
2.10851312
2.11396956
2.11944652
2.12494516
2.13046551
2.13600874
2.14157462
2.14716196
2.15277123
2.15840626
2.16406870
2.16975379
2.17545438
2.18116689
2.18689275
2.19263387
2.19838715
2.20414948
2.20991707
2.21568918
2.22146463
2.22723794
2.23300433
2.23876238
2.24451065
2.25024557
2.25595689
2.26163387
2.26727533
2.27289391
2.27851200
2.28414917
2.28981686
2.29551816
2.30125284
2.30702066
2.31282139
2.31865668
2.32453060
2.33044720
2.33640695
2.34240675
2.34844327
2.35451841
2.36063552
2.36678958
2.37296939
2.37916899
2.38539577
2.39166212
2.39797258
2.40432405
2.41071248
2.41714001
2.42360902
2.43011904
2.43666983
2.44326210
2.44989443
2.45656371
2.46326828
2.47000909
2.47678828
2.48360324
2.49044800
2.49732184
2.50423074
2.51118183
2.51817942
2.52522159
2.53230524
2.53943157
2.54660130
2.55381370
2.56106663
2.56835675
2.57568097
2.58303571
2.59041977
2.59783649
2.60528779
2.61276889
2.62027478
2.62781072
2.63538337
2.64297891
2.65058613
2.65819550
2.66581059
2.67343855
2.68107581
2.68871474
2.69635367
2.70399427
2.71163535
2.71927214
2.72690487
2.73453569
2.74215913
2.74976563
2.75735021
2.76491117
2.77244091
2.77992606
2.78735971
2.79474616
2.80209041
2.80938840
2.81663418
2.82382417
2.83095932
2.83803558
2.84505105
2.85200477
2.85889578
2.86571884
2.87247086
2.87914681
2.88573837
2.89223552
2.89864421
2.90499258
2.91131902
2.91764688
2.92398095
2.93032122
2.93667316
2.94304180
2.94942522
2.95582223
2.96223760
2.96867847
2.97514033
2.98161268
2.98809218
2.99458575
3.00109744
3.00761652
3.01412678
3.02062273
3.02711272
3.03360868
3.04011393
3.04662800
3.05315161
3.05968928
3.06624246
3.07281590
3.07941031
3.08602595
3.09265971
3.09931183
3.10598683
3.11268878
3.11941552
3.12616086
3.13292336
3.13970470
3.14650702
3.15333080
3.16017556
3.16704226
3.17392778
3.18083024
3.18774939
3.19468784
3.20164561
3.20862126
3.21561432
3.22262788
3.22966838
3.23674011
3.24384737
3.25099421
3.25819063
3.26543689
3.27271938
3.28000879
3.28728008
3.29452682
3.30175304
3.30895805
3.31613326
3.32327080
3.33036876
3.33742666
3.34443784
3.35139680
3.35830188
3.36514759
3.37192678
3.37863207
3.38525987
3.39180446
3.39825034
3.40458393
3.41080093
3.41690612
3.42290115
3.42878222
3.43454623
3.44019270
3.44572163
3.45112848
3.45641088
3.46156430
3.46658826
3.47148156
3.47624111
3.48085594
3.48531914
3.48964262
3.49388862
3.49810910
3.50232434
3.50653076
3.51072431
3.51490903
3.51908708
3.52325320
3.52740335
3.53153825
3.53566575
3.53978705
3.54389906
3.54799914
3.55208874
3.55617356
3.56025410
3.56432295
3.56837082
3.57239556
3.57640505
3.58040786
3.58440852
3.58840537
3.59239578
3.59638071
3.60036373
3.60434794
3.60833573
3.61232591
3.61631751
3.62031007
3.62430549
3.62830758
3.63231707
3.63633251
3.64035296
3.64438152
3.64842391
3.65248537
3.65656734
3.66066694
3.66478586
3.66892862
3.67309999
3.67730284
3.68153644
3.68579960
3.69009233
3.69441581
3.69877243
3.70316768
3.70760751
3.71210003
3.71665478
3.72127128
3.72592878
3.73059034
3.73522496
3.73982453
3.74439240
3.74892402
3.75340724
3.75783277
3.76219749
3.76649618
3.77072263
3.77487612
3.77895761
3.78296399
3.78688335
3.79070687
3.79443169
3.79805398
3.80156589
3.80496264
3.80824947
3.81143475
3.81451893
3.81749773
3.82036805
3.82312870
3.82577705
3.82831264
3.83073545
3.83304524
3.83524036
3.83731794
3.83927321
3.84109974
3.84280014
3.84439564
3.84591937
3.84739733
3.84883666
3.85023713
3.85160017
3.85292912
3.85422301
3.85547495
3.85668564
3.85786247
3.85900807
3.86011720
3.86118150
3.86219668
3.86316657
3.86409426
3.86497331
3.86579347
3.86654997
3.86724687
3.86789131
3.86848164
3.86901116
3.86947584
3.86987543
3.87021208
3.87048483
3.87069249
3.87083197
3.87089944
3.87089229
3.87080979
3.87065434
3.87042499
3.87011361
3.86970806
3.86924434
3.86875463
3.86824393
3.86771750
3.86717510
3.86661839
3.86604714
3.86546707
3.86487985
3.86428094
3.86366868
3.86304450
3.86241388
3.86177731
3.86113334
3.86048651
3.85984802
3.85922503
3.85861158
3.85798812
3.85732865
3.85661602
3.85584474
3.85501862
3.85413909
3.85320115
3.85220051
3.85113716
3.85001540
3.84883547
3.84759474
3.84629440
3.84493589
3.84351707
3.84203386
3.84048176
3.83885860
3.83716464
3.83540130
3.83357286
3.83168602
3.82974362
3.82774615
3.82569551
3.82359743
3.82145500
3.81927037
3.81704712
3.81478691
3.81249213
3.81016588
3.80780935
3.80542612
3.80301762
3.80059075
3.79815602
3.79572082
3.79328346
3.79083610
3.78837490
3.78590035
3.78341317
3.78091168
3.77839136
3.77584767
3.77328014
3.77069163
3.76808286
3.76545143
3.76279497
3.76011539
3.75741959
3.75470853
3.75197291
3.74920225
3.74639297
3.74354839
3.74067140
3.73776031
3.73481345
3.73182964
3.72880864
3.72575164
3.72265744
3.71952891
3.71636605
3.71316671
3.70992947
3.70665526
3.70334744
3.70000315
3.69661713
3.69318557
3.68970609
3.68618178
3.68261623
3.67900562
3.67534876
3.67164803
3.66790628
3.66412401
3.66030002
3.65643358
3.65252542
3.64857268
3.64457035
3.64052176
3.63643312
3.63230515
3.62812519
3.62387204
3.61952806
3.61507893
3.61051583
3.60583639
3.60104084
3.59613037
3.59110141
3.58595204
3.58068275
3.57529426
3.56978512
3.56415749
3.55841517
3.55256343
3.54660010
3.54052424
3.53433657
3.52808452
3.52180600
3.51550364
3.50918365
3.50285149
3.49651122
3.49016690
3.48382258
3.47748232
3.47114921
3.46482611
3.45851707
3.45222616
3.44595337
3.43969750
3.43346286
3.42724586
3.42103839
3.41482258
3.40858865
3.40233517
3.39606714
3.38979101
3.38350821
3.37722063
3.37092781
3.36463165
3.35833216
3.35202909
3.34572387
3.33941841
3.33311605
3.32681680
3.32052135
3.31423640
3.30797052
3.30172253
3.29548120
3.28923512
3.28298044
3.27672148
3.27045822
3.26418877
3.25791001
3.25162101
3.24531865
3.23900199
3.23267150
3.22632718
3.21996617
3.21358514
3.20718169
3.20075655
3.19430828
3.18783665
3.18133974
3.17481589
3.16826606
3.16169310
3.15509987
3.14848495
3.14184713
3.13518643
3.12851000
3.12182426
3.11513281
3.10843301
3.10172343
3.09500408
3.08827972
3.08155441
3.07482767
3.06809211
3.06134105
3.05457544
3.04779744
3.04100323
3.03418708
3.02734852
3.02049446
3.01362491
3.00673866
2.99983287
2.99290943
2.98596787
2.97900414
2.97202086
2.96502590
2.95802355
2.95101166
2.94399023
2.93696570
2.92994118
2.92291260
2.91587281
2.90882182
2.90176296
2.89469838
2.88762522
2.88054276
2.87344956
2.86633968
2.85921073
2.85206246
2.84489536
2.83770490
2.83048439
2.82322192
2.81589389
2.80846453
2.80089855
2.79318786
2.78534913
2.77741098
2.76938868
2.76128769
2.75311041
2.74486256
2.73655415
2.72819281
2.71978641
2.71134305
2.70286822
2.69436264
2.68582940
2.67727685
2.66871548
2.66015077
2.65159464
2.64305401
2.63452697
2.62601471
2.61751723
2.60903287
2.60056281
2.59210753
2.58366370
2.57523370
2.56681943
2.55842161
2.55003667
2.54166031
2.53329420
2.52494144
2.51660013
2.50826502
2.49993086
2.49159670
2.48326349
2.47493553
2.46662021
2.45831823
2.45002317
2.44173145
2.43344688
2.42517495
2.41691256
2.40865111
2.40039015
2.39213252
2.38388133
2.37563419
2.36739063
2.35915542
2.35094309
2.34277534
2.33467364
2.32664418
2.31867695
2.31076622
2.30291748
2.29514027
2.28743196
2.27978635
2.27220702
2.26470327
2.25727296
2.24990964
2.24261642
2.23540306
2.22827148
2.22121453
2.21422982
2.20732045
2.20048046
2.19369507
2.18695331
2.18025589
2.17360425
2.16699076
2.16041231
2.15387058
2.14736605
2.14089227
2.13444161
2.12801337
2.12160850
2.11522174
2.10884476
2.10245490
2.09600639
2.08944440
2.08273530
2.07589149
2.06894469
2.06191707
2.05481482
2.04764605
2.04042125
2.03314590
2.02581811
2.01844144
2.01102638
2.00358081
1.99610400
1.98859298
1.98105359
1.97349811
1.96593499
1.95836127
1.95076752
1.94314528
1.93549597
1.92782688
1.92014730
1.91246188
1.90477157
1.89707673
1.88938153
1.88169193
1.87401438
1.86635208
1.85870588
1.85107780
1.84346950
1.83588624
1.82833433
1.82081592
1.81332743
1.80586362
1.79842663
1.79102623
1.78367043
1.77635610
1.76907599
1.76183319
1.75464118
1.74751222
1.74044776
1.73344767
1.72651649
1.71966672
1.71290970
1.70625174
1.69970047
