2483.082520
1946.931396
1575.258301
1023.815613
1018.282288
912.286316
870.752136
629.492859
633.455505
561.179077
573.753052
526.721863
488.107239
508.874268
529.028931
525.413757
525.463867
565.349365
564.051697
569.407654
548.980042
500.713593
447.233490
416.197906
414.349213
399.560852
387.994293
387.555115
392.686554
396.952911
381.498077
364.008118
323.797302
305.035614
312.460754
300.304840
296.031036
326.567963
336.426331
324.045715
319.674957
309.772247
294.008911
285.860687
274.159943
283.335510
260.963837
265.375336
260.208618
260.195923
252.656235
263.039093
250.482162
258.021576
267.918365
260.553467
251.132629
250.071533
224.573273
266.217377
234.363647
248.543762
235.369736
238.931992
235.523666
251.824966
225.752609
231.014465
220.386185
221.256958
219.211212
213.059937
223.290756
225.318985
208.729584
222.707214
215.763458
216.683212
206.611435
206.123459
213.415009
222.336716
238.953918
245.080811
222.436813
236.688828
233.846741
226.840302
215.878464
213.535522
214.046600
199.343048
204.861633
191.436447
201.984116
186.942001
201.837387
185.783249
187.351562
179.531906
184.371017
160.800369
173.933243
161.594696
158.695282
147.238449
153.636734
159.227921
151.415039
147.378448
141.784134
156.962067
147.280197
149.695953
153.117584
156.883652
155.525131
152.981613
151.814682
144.099503
142.191742
147.487213
144.401291
143.137589
144.331207
151.840042
146.581970
142.682007
140.573151
142.822495
135.483795
137.429657
135.115326
147.067505
131.037704
137.373291
141.722855
131.749237
138.963791
140.450958
140.745010
135.478806
130.526169
137.650833
136.625107
134.446426
138.027618
140.304733
128.344788
135.276733
127.978630
131.107346
141.301010
130.084335
133.769348
137.636353
136.506454
139.234848
123.509872
121.107323
129.435074
124.782295
131.237305
122.527382
122.013275
120.311325
121.807838
121.340797
123.513748
122.902931
127.363052
116.011131
123.031792
119.955086
116.656662
113.024529
113.089462
118.009468
114.271561
103.943436
113.253227
113.828743
104.395828
108.395050
113.356888
111.627945
110.298866
111.341385
107.866104
108.862251
113.396309
109.452271
104.032097
105.850563
101.860008
97.520454
107.856239
107.130913
99.538200
102.347305
106.611145
96.543983
101.249809
106.611534
106.227760
105.303078
107.971237
100.352226
107.157829
104.881996
103.536430
102.220428
107.262764
101.553291
99.405739
101.936409
102.725075
100.837479
101.656479
107.069267
104.740128
98.914749
98.922295
96.987511
100.391052
102.641426
103.451988
102.553940
100.019951
95.410629
114.984741
98.560036
104.946121
101.179817
104.217979
102.251671
101.316261
102.962303
98.852219
101.044189
105.216331
104.436005
94.489319
106.095314
100.993179
98.128380
99.735435
102.792046
104.777229
100.547699
99.634094
100.796768
98.710777
102.155098
101.197838
